0 1
0 100
0 101
0 110
0 130
0 141
0 154
0 155
0 25
0 287
0 295
0 341
0 373
0 383
0 387
0 392
0 401
0 477
0 48
0 49
0 495
0 52
0 525
0 57
0 662
0 663
0 743
0 75
0 78
0 91
1 100
1 101
1 110
1 1103
1 130
1 141
1 142
1 149
1 152
1 154
1 155
1 1560
1 165
1 1675
1 2
1 21
1 242
1 244
1 25
1 262
1 264
1 266
1 287
1 288
1 3
1 301
1 308
1 341
1 372
1 383
1 387
1 392
1 401
1 461
1 467
1 48
1 487
1 49
1 495
1 50
1 52
1 525
1 533
1 662
1 663
1 679
1 69
1 743
1 75
1 779
1 78
1 829
1 861
1 91
1 94
1 98
1 99
10 11
10 1108
10 12
10 13
10 143
10 144
10 241
10 26
10 267
10 280
10 313
10 320
10 366
10 378
10 409
10 459
10 460
10 469
10 494
10 509
10 514
10 53
10 54
10 56
10 563
10 58
10 599
10 718
10 795
10 830
100 101
100 1103
100 141
100 1553
100 1560
100 2
100 242
100 295
100 3
100 308
100 373
100 383
100 385
100 387
100 392
100 401
100 467
100 477
100 525
100 662
100 743
100 748
100 765
100 861
1000 1907
1000 258
1001 711
1002 258
1002 997
1003 1004
1003 1141
1003 1262
1003 1540
1003 320
1004 1158
1004 1372
1004 1633
1004 1864
1004 302
1005 1006
1005 1870
1005 891
1006 1047
1006 1052
1006 1462
1006 30
1006 702
1007 1116
1007 1117
1007 2064
1007 320
1007 784
1008 1116
1008 1117
1008 1946
1008 320
1008 784
1008 874
1009 1063
1009 1122
1009 1343
1009 29
1009 904
1009 973
101 110
101 130
101 141
101 2
101 21
101 242
101 3
101 308
101 341
101 383
101 387
101 392
101 401
101 467
101 477
101 487
101 533
101 662
101 735
101 743
101 748
101 765
101 98
1010 1011
1010 1026
1010 1029
1010 1532
1010 210
1010 211
1010 220
1010 221
1010 992
1011 115
1011 1275
1011 1439
1011 1532
1011 210
1011 211
1011 220
1011 221
1011 268
1011 310
1011 6
1011 7
1011 992
1012 1025
1012 1027
1012 1070
1012 1760
1012 1941
1012 1967
1012 399
1012 469
1012 977
1013 1014
1014 1036
1015 1224
1015 1275
1015 1439
1015 210
1015 211
1015 220
1015 221
1015 243
1015 306
1015 6
1015 7
1015 992
1016 1147
1016 1907
1016 223
1016 226
1016 258
1016 271
1016 997
1017 1018
1017 1181
1017 1192
1017 1201
1017 1248
1017 1405
1017 324
1017 447
1017 515
1018 1181
1018 1192
1018 1201
1018 1214
1018 1248
1018 1405
1018 324
1018 447
1018 515
1019 1020
102 103
102 1102
102 1209
102 1647
102 166
102 315
1020 432
1021 1022
1021 1321
1021 1941
1021 1967
1021 499
1022 1321
1022 1941
1022 1967
1022 469
1022 499
1023 908
1024 84
1024 898
1025 1070
1025 1193
1025 1760
1025 245
1025 977
1025 978
1026 1275
1026 1439
1026 210
1026 211
1026 220
1026 221
1026 243
1026 268
1026 306
1026 310
1026 6
1026 7
1026 992
1027 1070
1027 1193
1027 245
1027 399
1027 977
1028 320
1029 210
1029 211
1029 220
1029 221
1029 243
1029 306
1029 310
1029 6
1029 7
103 1102
103 1209
103 165
1030 1147
1030 1907
1030 223
1030 226
1030 258
1030 997
1031 112
1031 1202
1031 1260
1031 1272
1031 421
1032 112
1032 1202
1032 1253
1032 1260
1032 1272
1032 1304
1032 1602
1032 2145
1032 421
1033 1050
1033 1066
1033 1125
1033 1153
1033 1165
1033 1166
1033 1192
1033 1201
1033 1214
1033 1248
1033 1255
1033 1263
1033 1264
1033 1296
1033 1441
1033 1453
1033 1482
1033 1609
1033 1622
1033 1680
1033 1807
1033 1911
1033 1914
1033 245
1033 253
1033 254
1033 399
1033 481
1033 515
1034 1213
1034 1349
1034 173
1034 1849
1034 988
1034 989
1035 1185
1035 1571
1035 173
1035 7
1036 1422
1036 1437
1036 1463
1036 299
1036 484
1037 1146
1037 1389
1037 1536
1037 1539
1037 1543
1037 1623
1037 1781
1037 20
1037 217
1037 304
1037 8
1037 974
1038 435
1038 947
1039 908
104 105
104 1057
104 1058
104 1064
104 1065
104 1098
104 1143
104 127
104 138
104 283
104 284
104 318
104 328
104 343
104 398
1040 1041
1040 1056
1040 1193
1040 1254
1040 1587
1040 1652
1040 1889
1040 1950
1040 245
1041 1042
1041 1049
1041 1056
1041 1155
1041 1193
1041 1254
1041 1444
1041 1466
1041 1496
1041 1542
1041 1587
1041 1622
1041 1652
1041 1691
1041 2031
1041 2037
1041 2057
1041 2071
1041 245
1041 566
1041 891
1042 1587
1042 1652
1042 1889
1042 1950
1042 245
1042 566
1043 1979
1043 1980
1043 1982
1043 2036
1043 317
1043 320
1043 995
1044 1045
1044 1171
1044 173
1045 1876
1046 961
1047 1048
1048 1274
1048 1614
1049 1056
1049 1193
1049 1254
1049 1587
1049 1652
1049 245
105 1057
105 1058
105 138
105 398
1050 1066
1050 1125
1050 1153
1050 1248
1050 1263
1050 1264
1050 1426
1050 1453
1050 1492
1050 1582
1050 1656
1050 1704
1050 1716
1050 245
1050 253
1050 254
1050 447
1050 515
1050 561
1050 680
1050 919
1051 1696
1051 317
1051 320
1052 159
1052 29
1052 319
1052 814
1053 1054
1054 1195
1054 1295
1054 1457
1055 1104
1055 1152
1055 1482
1055 1483
1055 1796
1055 228
1055 457
1055 888
1056 1155
1056 1162
1056 1193
1056 1254
1056 1587
1056 245
1056 628
1056 891
1057 1064
1057 1098
1057 1143
1057 1671
1057 283
1057 284
1057 318
1057 342
1057 343
1058 1064
1058 1065
1058 1098
1058 1671
1058 283
1058 284
1058 318
1058 328
1058 330
1058 342
1058 343
1059 1100
1059 111
1059 174
1059 175
1059 182
1059 185
1059 189
1059 190
1059 191
1059 203
1059 204
1059 205
1059 206
1059 222
1059 274
1059 67
1059 862
1059 917
1059 922
1059 923
1059 932
1059 935
1059 936
1059 948
1059 966
106 107
106 518
1060 2072
1060 416
1060 417
1060 442
1060 456
1061 1062
1061 1099
1061 1243
1061 1414
1061 1417
1061 1465
1061 1466
1061 1490
1061 1492
1061 1501
1061 1716
1061 680
1061 864
1062 1243
1062 1417
1062 144
1062 1445
1062 864
1063 320
1064 1065
1064 1098
1064 1671
1064 2174
1064 283
1064 284
1064 318
1064 328
1065 1098
1065 1143
1065 1671
1065 283
1065 284
1065 318
1065 328
1065 330
1065 342
1066 1125
1066 1153
1066 1263
1066 1264
1066 1296
1066 1453
1066 1704
1066 245
1066 253
1066 399
1067 1140
1067 1326
1067 1360
1067 272
1067 311
1068 1069
1068 303
107 1532
107 1759
107 2074
107 319
107 320
107 518
1070 1528
1070 2283
1070 368
1070 399
1070 978
1071 1086
1071 1140
1071 1326
1071 1360
1071 1392
1071 1475
1071 1711
1071 272
1071 311
1071 61
1071 62
1072 1100
1072 111
1072 175
1072 176
1072 179
1072 182
1072 185
1072 189
1072 190
1072 191
1072 194
1072 203
1072 204
1072 205
1072 206
1072 517
1072 67
1072 862
1072 90
1072 917
1072 931
1072 932
1072 935
1072 936
1072 966
1073 981
1074 435
1075 317
1075 320
1076 1537
1076 1732
1076 232
1076 243
1076 831
1077 1078
1077 1349
1078 1170
1078 1206
1078 1323
1078 915
1079 1080
1079 378
108 109
108 1109
108 1123
108 1124
108 1300
108 1530
108 238
108 291
108 312
108 338
108 468
108 5
108 687
108 762
1081 1109
1081 1123
1081 1300
1081 1308
1081 1446
1081 238
1081 291
1081 338
1081 349
1081 468
1081 5
1081 687
1081 730
1082 1083
1082 1969
1082 417
1083 1092
1083 1096
1083 1969
1083 1995
1083 2011
1083 417
1084 1085
1084 1572
1084 19
1084 561
1084 919
1085 1555
1086 1667
1086 1805
1086 1854
1086 1997
1086 430
1086 898
1087 1277
1087 429
1087 430
1088 29
1088 320
1089 1090
1089 1130
1089 1146
1089 1495
1089 1651
1089 169
1089 170
1089 1701
1089 1703
1089 1763
1089 1829
1089 1856
1089 1887
1089 499
109 1109
109 1123
109 1124
109 1308
109 1530
109 2199
109 2200
109 468
109 687
1090 1259
1090 1291
1090 1301
1090 1315
1090 1495
1090 1703
1090 1763
1090 536
1091 1745
1091 345
1091 379
1092 1969
1092 417
1093 1277
1093 320
1093 430
1094 1277
1094 429
1094 430
1095 2269
1095 53
1095 599
1096 1969
1097 1969
1097 417
1098 1671
1098 283
1098 284
1098 318
1098 328
1098 330
1098 343
1099 1414
1099 1537
1099 1626
1099 981
11 12
11 13
11 263
11 280
11 53
11 54
11 55
11 56
11 58
110 130
110 1509
110 154
110 308
110 383
110 387
110 467
110 477
110 487
110 516
110 626
110 735
110 75
110 98
1100 1103
1100 111
1100 1113
1100 112
1100 1120
1100 1121
1100 1234
1100 1241
1100 1253
1100 1260
1100 1272
1100 1536
1100 155
1100 174
1100 175
1100 176
1100 177
1100 178
1100 179
1100 180
1100 182
1100 183
1100 184
1100 185
1100 186
1100 188
1100 189
1100 1894
1100 190
1100 1921
1100 194
1100 197
1100 198
1100 2017
1100 203
1100 204
1100 205
1100 206
1100 209
1100 212
1100 222
1100 234
1100 257
1100 27
1100 272
1100 28
1100 40
1100 41
1100 421
1100 44
1100 45
1100 534
1100 67
1100 68
1100 748
1100 863
1100 90
1100 911
1100 913
1100 922
1100 923
1100 925
1100 926
1100 927
1100 931
1100 932
1100 933
1100 934
1100 935
1100 938
1100 939
1100 940
1100 941
1100 943
1100 948
1100 952
1100 954
1100 957
1100 958
1100 959
1100 961
1100 962
1100 965
1100 966
1100 976
1101 1703
1101 1763
1101 1955
1101 276
1101 277
1101 300
1101 995
1103 130
1103 1494
1103 154
1103 1553
1103 1871
1103 198
1103 205
1103 28
1103 295
1103 321
1103 372
1103 383
1103 385
1103 392
1103 401
1103 467
1103 477
1103 533
1103 66
1103 662
1103 679
1103 861
1103 932
1103 98
1105 1152
1105 1373
1105 1389
1105 556
1106 1107
1106 1414
1106 1490
1107 1324
1107 1490
1108 13
1108 241
1108 26
1108 263
1108 267
1108 280
1108 378
1108 460
1108 54
1108 56
1108 58
1109 1123
1109 1124
1109 116
1109 1167
1109 117
1109 1212
1109 1237
1109 1300
1109 1308
1109 1352
1109 1446
1109 1517
1109 1576
1109 1692
1109 237
1109 238
1109 270
1109 291
1109 312
1109 4
1109 419
1109 464
1109 468
1109 495
1109 5
1109 543
1109 634
1109 636
1109 687
1109 733
1109 97
111 112
111 1156
111 1234
111 1240
111 1241
111 1242
111 1244
111 1260
111 1272
111 1304
111 1442
111 1536
111 1623
111 1658
111 166
111 1670
111 175
111 176
111 177
111 178
111 179
111 181
111 184
111 185
111 186
111 188
111 189
111 190
111 194
111 198
111 203
111 205
111 206
111 209
111 212
111 234
111 27
111 274
111 28
111 287
111 333
111 40
111 421
111 422
111 44
111 448
111 45
111 534
111 67
111 863
111 90
111 912
111 913
111 916
111 918
111 921
111 923
111 924
111 926
111 931
111 932
111 933
111 934
111 936
111 938
111 939
111 940
111 941
111 942
111 948
111 952
111 954
111 963
111 965
111 966
111 976
1110 1111
1110 1112
1110 1202
1110 1259
1110 1290
1110 1291
1110 1301
1110 1315
1110 1334
1110 1359
1110 1677
1110 1803
1110 1846
1111 1112
1111 1259
1111 1290
1111 1291
1111 1301
1111 1315
1111 1334
1111 1803
1111 1846
1112 1202
1112 1291
1112 1301
1112 1334
1112 1359
1112 1678
1112 1803
1112 1846
1113 1493
1113 175
1113 1871
1113 191
1113 198
1113 222
1113 28
1113 321
1113 932
1115 774
1116 1117
1116 1193
1117 1193
1117 1255
1117 1398
1117 1425
1117 1523
1117 205
1117 234
1117 287
1117 341
1117 595
1117 729
1118 1220
1118 193
1118 322
1118 530
1119 225
1119 317
112 1252
112 1261
112 1494
112 1673
112 1705
112 174
112 175
112 1771
112 179
112 182
112 189
112 190
112 191
112 194
112 203
112 205
112 274
112 321
112 431
112 491
112 515
112 517
112 558
112 579
112 66
112 703
112 730
112 891
112 90
112 922
112 923
112 931
112 932
112 935
112 966
1120 1494
1120 1673
1120 1705
1120 1707
1120 175
1120 1771
1120 1773
1120 1871
1120 191
1120 198
1120 209
1120 222
1120 274
1120 321
1120 431
1120 491
1120 515
1120 66
1120 891
1120 932
1121 1493
1121 1494
1121 175
1121 1871
1121 191
1121 198
1121 222
1121 28
1121 321
1121 932
1122 1297
1122 1336
1122 319
1122 320
1123 1124
1123 116
1123 117
1123 1212
1123 1237
1123 1300
1123 1446
1123 1530
1123 1581
1123 237
1123 261
1123 269
1123 291
1123 338
1123 348
1123 349
1123 4
1123 468
1123 495
1123 506
1123 634
1123 636
1123 687
1124 116
1124 1167
1124 1300
1124 1308
1124 1446
1124 1530
1124 238
1124 269
1124 270
1124 291
1124 338
1124 349
1124 495
1124 5
1124 636
1125 1160
1125 1161
1125 1163
1125 1477
1125 1478
1125 1479
1125 1480
1125 1676
1125 253
1125 254
1125 266
1125 66
1125 681
1125 801
1126 1178
1126 1229
1126 320
1126 640
1127 1175
1127 1245
1127 1246
1127 1247
1127 156
1127 406
1128 1175
1128 1245
1128 1246
1128 1266
1128 156
1128 406
1129 753
1129 76
1129 787
113 153
113 2102
113 732
113 84
113 85
113 97
113 983
1130 1176
1130 1587
1130 536
1130 644
1130 760
1131 1132
1132 1138
1133 1134
1133 1472
1135 1335
1135 150
1135 151
1135 905
1135 990
1137 268
1137 306
1137 6
1137 7
1138 1139
1138 1430
1139 208
114 335
114 337
114 43
1140 1326
1140 1360
1140 272
1140 273
1143 1671
1143 283
1143 284
1143 318
1143 328
1143 330
1143 342
1143 343
1144 1145
1144 2083
1144 2166
1145 1171
1145 2166
1146 1426
1146 143
1146 1459
1146 413
1146 536
1147 1311
1147 1928
1147 1974
1147 1991
1147 2027
1147 218
1147 219
1147 258
1147 423
1147 432
1147 593
1147 990
1147 997
1148 449
1149 1311
1149 1928
1149 1974
1149 1991
1149 2027
1149 218
1149 225
1149 258
1149 423
1149 593
1149 990
1149 997
115 158
115 1701
115 2001
115 2046
115 2101
115 2108
115 2117
115 2118
115 2119
115 2120
115 2123
115 2125
115 2126
115 2127
115 2129
115 2130
115 2131
115 2133
115 2135
115 2136
115 2274
115 2286
115 2326
115 2365
115 239
115 335
115 337
115 374
115 42
115 43
115 574
115 738
115 759
115 768
1150 1354
1150 565
1151 1156
1151 1168
1151 1275
1151 1294
1151 1345
1151 1346
1151 1363
1151 157
1151 1732
1151 1963
1151 243
1151 431
1151 892
1152 1373
1152 458
1152 556
1153 1194
1153 1221
1153 1226
1153 1264
1153 1296
1153 1334
1153 1359
1153 1453
1153 1664
1153 254
1153 8
1153 881
1153 9
1153 974
1154 1226
1154 1263
1154 1264
1154 1296
1154 1301
1154 1334
1154 1664
1154 253
1154 254
1154 8
1154 974
1155 1193
1155 1254
1155 1261
1155 1494
1155 1587
1155 1871
1155 321
1155 66
1155 67
1155 90
1156 1162
1156 1168
1156 1240
1156 1242
1156 1244
1156 1294
1156 176
1156 177
1156 180
1156 181
1156 1893
1156 1899
1156 1976
1156 431
1156 448
1156 517
1156 923
1156 924
1156 925
1156 926
1156 937
1156 939
1156 952
1156 953
1157 120
1157 1588
1157 1880
1157 2244
1157 865
1158 1469
1158 207
1159 1193
1159 795
1159 955
116 1300
116 1308
116 1446
116 1576
116 237
116 238
116 261
116 312
116 338
116 349
116 468
116 5
116 506
116 543
116 687
116 812
1160 1163
1160 1248
1160 1301
1160 1334
1160 1359
1160 1536
1160 1539
1160 1623
1160 1888
1160 211
1160 220
1160 221
1160 266
1160 561
1160 66
1160 992
1161 1676
1161 66
1162 1193
1162 1252
1162 1261
1162 1494
1162 1587
1162 1871
1162 245
1162 287
1162 321
1162 66
1162 67
1162 90
1163 1676
1164 1165
1164 1174
1164 1186
1164 1319
1165 1186
1165 1319
1165 1602
1166 1319
1166 1602
1167 1237
1167 1300
1167 1352
1167 1429
1167 1517
1167 24
1167 349
1167 400
1167 634
1167 636
1167 687
1168 1294
1168 1899
1168 1925
1168 287
1168 288
1168 304
1168 305
1168 402
1168 403
1168 649
1168 681
1168 801
1169 697
117 1446
117 237
117 238
117 338
117 495
1170 1171
1170 1657
1171 1190
1171 1310
1171 2083
1171 2166
1171 2242
1171 2243
1171 432
1171 724
1172 1173
1172 1244
1172 1655
1172 1691
1172 243
1172 501
1172 628
1173 1259
1173 1291
1173 1301
1173 1315
1173 1334
1173 1359
1173 1710
1173 1732
1174 1186
1174 1602
1175 1245
1175 1246
1175 156
1175 1821
1175 1843
1175 406
1175 583
1175 674
1175 750
1175 881
1176 1177
1176 143
1176 1699
1176 1932
1176 1933
1176 1934
1176 311
1176 476
1176 691
1176 760
1177 143
1177 311
1177 413
1177 476
1179 1303
1179 320
1179 791
118 119
118 1476
118 159
118 478
118 535
1180 905
1181 1187
1181 1274
1181 1326
1181 1360
1181 1537
1181 1542
1181 1552
1181 1609
1181 1622
1181 1890
1181 316
1181 325
1181 363
1182 1275
1182 1743
1182 1905
1182 1955
1182 2030
1182 204
1182 206
1182 305
1182 86
1183 1184
1183 1205
1183 1259
1183 1291
1183 1301
1183 2013
1183 2019
1183 530
1184 1205
1184 1830
1184 1835
1184 1882
1185 216
1185 328
1185 762
1185 772
1186 1319
1186 1492
1186 1716
1186 1833
1186 245
1186 246
1186 247
1186 399
1186 680
1187 1274
1187 1326
1187 1360
1187 1537
1187 1612
1187 316
1187 324
1188 1189
1188 2244
1189 2244
1189 809
119 1292
119 2090
119 2164
119 2231
119 2251
119 2269
119 2300
119 2301
119 241
119 320
119 478
119 698
1191 1192
1191 1201
1191 1248
1191 1288
1191 1301
1191 1316
1191 1325
1191 1328
1191 1330
1191 1334
1191 1395
1191 1559
1191 1606
1191 1696
1191 1704
1191 1905
1191 1915
1191 1926
1191 1929
1191 1951
1191 1955
1191 1958
1191 1985
1191 2030
1191 2049
1191 245
1191 247
1191 253
1191 399
1191 446
1191 447
1191 472
1191 473
1191 515
1191 559
1191 701
1191 8
1191 9
1191 974
1192 1207
1192 1330
1192 1441
1192 1564
1192 1606
1192 1696
1192 1704
1192 1906
1192 1912
1192 2013
1192 2019
1192 219
1192 253
1192 394
1192 399
1192 446
1192 472
1192 473
1192 503
1193 1194
1193 1221
1193 1226
1193 1254
1193 1309
1193 1667
1193 1775
1193 1854
1193 1894
1193 1921
1193 1939
1193 1966
1193 1989
1193 2026
1193 2033
1193 2039
1193 245
1193 399
1193 432
1193 475
1193 764
1193 891
1193 977
1193 978
1194 1239
1194 1419
1194 1440
1194 1723
1194 1724
1194 8
1194 974
1196 321
1196 334
1196 39
1196 40
1196 41
1196 412
1196 44
1196 45
1196 484
1196 66
1196 67
1197 1198
1197 1222
1197 1572
1197 19
1198 1223
1198 1710
1199 1200
12 26
12 267
12 280
12 309
12 313
12 378
12 409
12 55
12 56
12 58
12 599
12 718
120 164
120 449
120 501
120 877
120 878
120 892
1200 1281
1200 173
1201 1207
1201 1286
1201 1330
1201 1441
1201 1564
1201 1606
1201 1696
1201 1704
1201 1906
1201 1912
1201 2013
1201 2019
1201 394
1201 472
1201 473
1201 563
1202 1253
1202 1260
1202 1304
1202 421
1203 1204
1203 1443
1204 16
1205 317
1206 1322
1207 1214
1207 1248
1207 1283
1207 1301
1207 1330
1207 1334
1207 1359
1207 1381
1207 1704
1207 1796
1207 1909
1207 1911
1207 253
1207 447
1207 472
1207 515
1207 590
1208 1267
1208 1358
1208 1470
1208 981
1209 1647
1209 165
1209 244
1209 315
121 1346
121 1574
121 164
121 1642
121 699
121 892
121 987
1210 1211
1211 1954
1211 2010
1212 1692
1212 291
1212 312
1212 419
1212 464
1212 468
1212 5
1212 636
1212 687
1212 733
1212 97
1213 173
1213 989
1214 1286
1214 1330
1214 1441
1214 1564
1214 1606
1214 1696
1214 1906
1214 2019
1214 219
1214 253
1214 394
1214 399
1214 446
1214 473
1214 503
1214 563
1216 1217
1216 1398
1216 1471
1216 1743
1217 1398
1217 1471
1218 1219
1218 1823
122 123
1220 1416
1220 1468
1220 1670
1220 192
1220 193
1220 323
1220 497
1220 530
1221 1239
1221 1419
1221 1440
1221 1723
1221 1724
1221 2227
1221 8
1221 974
1222 1223
1223 19
1224 1293
1224 1506
1224 1550
1224 1594
1224 1608
1224 1645
1224 1687
1224 1710
1224 1738
1224 1784
1224 1809
1224 1817
1224 1839
1224 1867
1224 208
1224 309
1224 500
1224 907
1225 2123
1225 2124
1225 2180
1225 768
1226 1239
1226 1336
1226 1419
1226 1440
1226 1723
1226 1724
1226 974
1227 1847
1227 768
1229 195
123 148
123 828
1231 7
1232 1233
1232 1285
1232 82
1233 82
1234 1241
1234 174
1234 182
1234 185
1234 189
1234 190
1234 191
1234 194
1234 204
1234 205
1234 206
1234 222
1234 274
1234 517
1234 67
1234 90
1234 917
1234 922
1234 923
1234 931
1234 932
1234 935
1234 936
1234 948
1234 966
1235 317
1235 320
1236 320
1237 1300
1237 1352
1237 1429
1237 269
1237 348
1237 349
1237 358
1237 400
1237 636
1237 687
1238 1239
1238 1948
1238 1974
1238 430
1238 593
1239 1309
1239 1894
1239 1916
1239 1921
1239 1947
1239 1974
1239 2053
1239 593
1239 764
1239 977
1239 978
124 125
124 1396
124 2233
124 2258
124 513
1240 1244
1240 1320
1240 1502
1240 166
1240 1670
1240 174
1240 175
1240 176
1240 178
1240 180
1240 181
1240 182
1240 183
1240 184
1240 185
1240 186
1240 188
1240 189
1240 190
1240 191
1240 287
1240 517
1240 922
1240 923
1240 924
1240 925
1240 926
1240 927
1240 931
1240 932
1240 933
1240 934
1240 935
1240 936
1240 938
1240 939
1240 941
1240 942
1240 943
1240 952
1240 953
1240 954
1241 174
1241 175
1241 176
1241 179
1241 182
1241 189
1241 190
1241 191
1241 203
1241 204
1241 205
1241 206
1241 222
1241 274
1241 517
1241 67
1241 90
1241 922
1241 923
1241 931
1241 932
1241 936
1241 948
1242 1244
1242 1442
1242 1658
1242 166
1242 1670
1242 174
1242 175
1242 176
1242 177
1242 178
1242 180
1242 184
1242 186
1242 190
1242 194
1242 287
1242 448
1242 517
1242 923
1242 925
1242 926
1242 927
1242 931
1242 932
1242 933
1242 934
1242 935
1242 936
1242 938
1242 939
1242 940
1242 942
1242 943
1242 952
1242 953
1242 954
1243 1414
1243 144
1243 1444
1243 1445
1243 1490
1243 1492
1243 1716
1244 1320
1244 1442
1244 1502
1244 1658
1244 1659
1244 1670
1244 1690
1244 174
1244 175
1244 176
1244 177
1244 178
1244 180
1244 182
1244 183
1244 184
1244 185
1244 186
1244 189
1244 191
1244 194
1244 287
1244 448
1244 517
1244 79
1244 923
1244 925
1244 926
1244 927
1244 931
1244 933
1244 935
1244 936
1244 937
1244 941
1244 942
1244 943
1244 948
1244 952
1244 953
1244 954
1244 957
1244 958
1244 962
1245 156
1245 406
1245 674
1246 1266
1246 156
1246 674
1247 1266
1247 156
1247 406
1247 674
1248 1286
1248 1326
1248 1330
1248 1582
1248 1606
1248 2153
1248 2279
1248 245
1248 254
1248 446
1248 447
1248 472
1249 1378
1249 199
1249 200
1249 214
1249 508
1249 901
125 136
125 513
125 584
125 86
1250 1251
1250 1292
1250 1541
1250 1617
1250 1737
1250 231
1250 390
1250 410
1250 411
1250 692
1250 823
1250 829
1251 1541
1251 1617
1251 2174
1251 390
1251 410
1251 692
1251 832
1252 1253
1252 1260
1252 1272
1252 1304
1252 1494
1252 1871
1252 209
1252 212
1252 321
1252 66
1252 67
1252 891
1252 90
1252 911
1252 912
1252 913
1252 916
1253 1494
1253 175
1253 176
1253 179
1253 182
1253 185
1253 1871
1253 189
1253 190
1253 194
1253 203
1253 205
1253 222
1253 351
1253 517
1253 66
1253 67
1253 90
1253 922
1253 923
1253 931
1253 935
1253 948
1253 966
1254 1496
1254 1542
1254 1572
1254 1587
1254 1609
1254 1622
1254 1691
1254 245
1254 891
1255 1256
1255 1265
1255 1425
1255 1439
1255 1448
1255 1453
1255 1627
1255 1656
1255 177
1255 178
1255 205
1255 234
1255 254
1256 1424
1256 254
1256 481
1256 644
1257 319
1257 320
1258 1259
1258 1291
1258 1301
1258 1334
1258 1359
1259 1424
1259 143
1259 1655
1259 1664
1259 1678
1259 1686
1259 1899
1259 498
126 127
126 1834
126 1851
126 685
126 723
126 847
1260 1261
1260 175
1260 176
1260 182
1260 185
1260 1871
1260 190
1260 191
1260 194
1260 203
1260 205
1260 222
1260 321
1260 351
1260 66
1260 90
1260 922
1260 923
1260 931
1260 932
1260 935
1260 936
1260 948
1261 1272
1261 1304
1261 1494
1261 1871
1261 209
1261 321
1261 421
1261 66
1261 67
1261 891
1261 90
1261 911
1261 912
1261 913
1261 916
1262 1271
1263 1264
1263 1321
1263 1402
1263 1453
1263 1743
1263 1874
1263 1935
1263 2025
1263 213
1263 254
1263 993
1264 1321
1264 1453
1264 1664
1264 1696
1264 1851
1264 2052
1264 2069
1264 253
1264 254
1264 865
1264 881
1265 1424
1265 1656
1266 406
1266 674
1267 1268
1267 1358
1267 1369
1267 893
1268 1282
1269 1270
127 138
127 847
1270 2172
1270 2240
1270 340
1271 1387
1272 174
1272 175
1272 176
1272 179
1272 182
1272 185
1272 1871
1272 189
1272 203
1272 205
1272 321
1272 517
1272 66
1272 90
1272 923
1272 932
1272 935
1272 936
1272 948
1273 1303
1273 1522
1273 1602
1273 1730
1273 1748
1273 1885
1273 1977
1273 2001
1273 421
1273 814
1273 852
1274 1282
1274 1326
1274 1351
1274 1360
1274 1895
1274 316
1274 324
1274 325
1274 424
1274 77
1274 899
1275 288
1275 305
1275 317
1275 320
1275 646
1276 1424
1276 1439
1276 1656
1276 2086
1276 2098
1276 481
1276 644
1277 1335
1277 1353
1277 2015
1278 197
1278 628
1279 1280
1279 1926
1279 1929
1279 1951
1279 1994
128 129
128 1292
128 259
128 293
128 314
128 384
128 605
128 673
128 707
128 710
1281 320
1282 1324
1282 1564
1282 1725
1282 1971
1282 2020
1282 2024
1282 503
1282 654
1283 1381
1284 320
1284 449
1285 1379
1286 1287
1286 1301
1286 1334
1286 1359
1286 169
1286 447
1286 515
1288 1441
1288 1912
1288 245
1288 416
1288 417
1288 442
1288 456
1289 1290
129 1800
129 2081
129 227
129 2362
129 293
129 314
129 384
129 420
129 673
129 707
129 710
1290 1678
1291 1410
1291 143
1291 1467
1291 1621
1291 1655
1291 1664
1291 1678
1291 1686
1291 1899
1291 498
1292 1418
1292 1650
1292 227
1292 228
1292 314
1293 173
1294 1417
1294 1664
1294 1719
1294 288
1294 431
1294 864
1296 1321
1296 1402
1296 1743
1296 1874
1296 1935
1296 253
1296 254
1296 499
1296 993
1297 1336
1297 1505
1297 1969
1298 1307
1298 427
1298 634
1299 501
13 241
13 26
13 263
13 267
13 280
13 309
13 378
13 409
13 460
13 53
13 55
13 56
13 58
13 599
130 141
130 154
130 1560
130 21
130 242
130 295
130 372
130 383
130 385
130 392
130 401
130 467
130 477
130 487
130 525
130 679
130 735
130 743
130 765
130 799
130 98
1300 1308
1300 1352
1300 1429
1300 1530
1300 1721
1300 24
1300 25
1300 269
1300 270
1300 291
1300 348
1300 349
1300 468
1300 5
1300 636
1300 687
1301 1405
1301 1424
1301 143
1301 1467
1301 1471
1301 1493
1301 1555
1301 1602
1301 1621
1301 1651
1301 1655
1301 1678
1301 1686
1301 1698
1301 1701
1301 1722
1301 1750
1301 1833
1301 1840
1301 1881
1301 1899
1301 1900
1301 1913
1301 1915
1301 1958
1301 2045
1301 351
1301 363
1301 394
1301 399
1301 409
1301 473
1301 561
1301 840
1301 919
1302 82
1303 1602
1304 1494
1304 174
1304 175
1304 176
1304 179
1304 185
1304 1871
1304 189
1304 190
1304 191
1304 194
1304 203
1304 205
1304 222
1304 321
1304 351
1304 475
1304 517
1304 66
1304 67
1304 922
1304 923
1304 931
1304 932
1304 935
1304 936
1304 948
1305 823
1306 82
1308 1446
1308 1530
1308 238
1308 291
1308 312
1308 338
1308 349
1308 468
1308 495
1308 5
1308 687
1309 1974
1309 430
1309 593
1310 1871
1310 2083
1310 2121
1310 2242
1310 2243
1310 320
1310 432
1310 744
1311 1312
1311 216
1311 218
1311 219
1311 223
1311 226
1311 271
1313 2151
1313 659
1314 1447
1315 1410
1315 143
1315 1467
1315 1621
1315 1664
1315 1678
1315 1899
1316 1441
1316 1912
1316 245
1316 416
1316 417
1316 442
1316 456
1317 1523
1317 1602
1317 1769
1317 1786
1317 218
1317 305
1317 351
1317 382
1318 7
1319 245
132 2299
132 868
1320 1442
1320 1502
1320 166
1320 174
1320 176
1320 178
1320 179
1320 180
1320 182
1320 183
1320 184
1320 185
1320 186
1320 188
1320 189
1320 190
1320 191
1320 448
1320 517
1320 922
1320 923
1320 924
1320 925
1320 926
1320 931
1320 934
1320 935
1320 937
1320 938
1320 939
1320 941
1320 942
1320 943
1320 948
1320 952
1320 953
1320 954
1320 957
1320 962
1321 1532
1322 1323
1322 173
1323 1368
1324 1325
1324 1395
1324 1602
1324 1703
1324 1951
1324 1987
1324 1994
1324 297
1324 899
1325 1915
1325 1958
1326 1327
1326 1537
1326 1552
1326 1889
1326 1950
1326 272
1326 311
1326 316
1326 324
1326 325
1326 363
1326 429
1326 447
1326 515
1326 850
1327 1360
1327 1686
1328 1329
1328 1330
1328 1340
1328 1356
1328 472
133 2097
133 245
133 454
133 570
133 571
1330 1370
1330 1986
1330 2012
1330 399
1330 447
1330 515
1331 1332
1331 565
1333 955
1334 1405
1334 1424
1334 1471
1334 1493
1334 1555
1334 1602
1334 1678
1334 1698
1334 1701
1334 1750
1334 1833
1334 1840
1334 1881
1334 1900
1334 1915
1334 1958
1334 1963
1334 1965
1334 2045
1334 245
1334 351
1334 363
1334 394
1334 409
1334 840
1334 859
1335 150
1335 151
1335 1912
1335 600
1336 1398
1336 1419
1336 1440
1336 1525
1336 1543
1336 1561
1336 1724
1336 1913
1336 1965
1336 1969
1336 305
1336 507
1337 975
1338 320
1339 975
134 158
134 2097
134 245
134 454
134 570
134 571
1341 1342
1342 2083
1343 320
1344 244
1344 264
1344 301
1344 341
1344 350
1344 461
1344 470
1344 471
1344 48
1344 49
1344 50
1344 51
1344 511
1344 52
1344 57
1344 74
1344 75
1344 79
1344 80
1344 83
1344 91
1345 1346
1345 288
1346 1363
1346 316
1347 216
1348 801
1349 1350
135 153
135 419
135 682
135 84
135 97
1351 1564
1351 1725
1351 1844
1351 1971
1351 2024
1351 363
1351 654
1352 1517
1352 269
1352 270
1352 348
1352 349
1352 400
1352 634
1352 636
1352 687
1353 150
1353 151
1353 1912
1353 604
1355 155
1355 2017
1355 748
1357 1358
1359 1405
1359 1410
1359 1424
1359 1471
1359 1493
1359 1555
1359 1602
1359 1651
1359 1678
1359 1701
1359 1722
1359 1750
1359 1833
1359 1852
1359 1881
1359 1900
1359 1913
1359 1958
1359 1963
1359 2045
1359 245
1359 351
1359 363
1359 394
1359 399
1359 409
1359 561
1359 840
1359 919
136 1397
136 1610
136 2233
136 414
136 449
136 513
136 86
1360 1537
1360 1823
1360 1889
1360 1950
1360 272
1360 311
1360 316
1360 324
1360 363
1360 429
1360 447
1360 850
1361 1362
1362 1641
1362 426
1363 2244
1363 288
1363 316
1363 892
1364 889
1364 909
1365 1366
1365 1528
1365 1529
1365 1559
1366 1703
1366 1763
1367 1368
1368 820
1369 1371
137 287
137 341
137 490
137 501
137 521
137 865
1373 1389
1373 458
1374 1481
1374 1487
1374 1488
1374 1504
1374 1621
1374 1736
1374 1764
1374 769
1375 1556
1375 688
1376 1481
1376 1487
1376 1488
1376 1504
1376 1621
1376 1736
1376 1764
1376 264
1376 769
1378 1496
1378 1850
1378 199
1378 200
1378 201
1378 202
1378 214
1378 901
138 1578
138 1793
138 398
1381 473
1382 143
1382 1565
1382 2008
1383 1565
1384 1385
1385 291
1386 234
1386 28
1386 520
1386 534
1386 959
1386 965
1386 976
1389 1536
1389 1539
1389 1546
1389 1583
1389 1625
1389 1639
1389 1640
1389 457
1389 458
1389 556
139 231
139 452
139 453
139 88
1391 1528
1391 1529
1391 1559
1391 368
1392 1667
1392 1696
1392 1706
1392 1781
1392 1801
1392 1854
1392 1872
1392 1970
1392 1972
1392 1975
1392 317
1392 320
1392 561
1392 919
1393 2211
1393 986
1394 376
1395 1958
1398 1399
1398 1543
1398 1546
1398 1583
1398 589
14 187
14 329
14 964
140 22
140 23
140 46
1400 955
1402 1403
1402 1455
1402 1625
1402 1664
1402 311
1404 904
1406 904
1407 1490
1407 1750
1407 1775
1407 1779
1407 1992
1407 399
1407 666
1407 667
1409 468
141 295
141 308
141 383
141 387
141 477
141 525
141 743
1410 1521
1410 1674
1410 1734
1410 245
1410 246
1410 247
1410 399
1411 149
1411 422
1411 455
1411 48
1411 50
1411 51
1411 52
1411 70
1411 79
1411 80
1411 99
1412 196
1413 257
1413 27
1413 274
1413 39
1413 40
1413 44
1413 45
1413 917
1413 918
1413 920
1413 921
1414 1415
1414 1444
1414 1445
1414 1465
1414 1466
1414 1501
1414 1996
1414 2040
1414 2041
1414 2070
1414 602
1414 71
1414 72
1415 1445
1415 1626
1416 192
1416 193
1416 322
1418 208
1418 227
1418 228
1418 314
1418 384
1418 605
1419 1475
1419 1510
1419 1525
1419 1961
1419 507
1419 61
1419 62
1419 705
1419 973
142 149
142 244
142 264
142 308
142 48
142 49
142 50
142 51
142 598
142 731
1420 1421
1420 1715
1420 439
1420 440
1420 505
1422 1423
1422 1437
1422 1498
1422 1577
1422 1930
1422 402
1422 484
1423 1437
1423 1463
1423 1498
1423 484
1424 1439
1424 150
1424 151
1424 1574
1424 1642
1424 1878
1424 1979
1424 2018
1424 2036
1424 481
1424 602
1424 71
1424 72
1424 995
1425 1668
1425 177
1425 178
1425 234
1425 341
1425 644
1426 1427
1426 143
1426 1460
1426 1805
1426 254
1427 1459
1428 905
1429 1517
1429 1721
1429 270
1429 348
1429 349
1429 358
1429 634
1429 636
143 144
143 1459
143 1495
143 1562
143 1674
143 1694
143 1695
143 1734
143 1750
143 1943
143 1956
143 241
143 253
143 276
143 311
143 409
143 413
143 516
143 8
143 961
1431 1432
1431 1989
1431 2026
1433 905
1434 171
1434 313
1434 365
1434 366
1434 378
1434 381
1434 405
1434 434
1435 1436
1436 86
1437 1463
1437 1837
1437 1930
1437 2028
1437 39
1437 523
1437 90
1438 1526
1438 2156
1438 294
1438 296
1438 307
1438 32
1438 320
1438 368
1438 393
1438 394
1438 59
1438 60
1439 1723
1439 481
144 1445
144 241
144 353
144 409
144 459
144 469
144 54
144 589
144 700
144 8
144 850
144 864
144 9
1440 1475
1440 1510
1440 1525
1440 1961
1440 507
1440 61
1440 705
1440 973
1441 1594
1441 1680
1441 1807
1441 1891
1441 1957
1441 1959
1441 1999
1441 2146
1441 2147
1441 701
1442 1658
1442 166
1442 1670
1442 174
1442 175
1442 176
1442 177
1442 178
1442 179
1442 180
1442 183
1442 184
1442 185
1442 186
1442 188
1442 189
1442 191
1442 194
1442 448
1442 517
1442 922
1442 923
1442 925
1442 926
1442 927
1442 931
1442 932
1442 935
1442 936
1442 937
1442 938
1442 940
1442 941
1442 942
1442 953
1442 954
1444 1445
1444 296
1444 31
1444 60
1445 1465
1445 1501
1445 1658
1445 166
1445 516
1446 1576
1446 237
1446 238
1446 261
1446 543
1448 1627
1448 1668
1448 177
1448 234
1448 341
1448 63
1448 644
1449 320
145 152
145 157
145 2058
145 2061
145 49
145 57
145 654
145 68
145 70
145 83
145 91
145 94
1450 981
1451 1452
1452 762
1453 253
1453 254
1453 481
1453 64
1454 1661
1454 1761
1454 2129
1454 2255
1454 622
1454 915
1456 930
1458 169
1459 1460
1459 1805
1459 254
146 147
146 160
146 2150
146 2253
146 2261
146 483
146 853
1461 1631
1462 1508
1463 1498
1463 1577
1463 1930
1463 402
1463 484
1465 1537
1465 1626
1466 296
1466 31
1466 60
1467 1823
1467 1916
1467 1947
1467 2053
1467 320
1467 881
1468 192
1468 193
147 160
147 2171
1471 1723
1471 1724
1471 1939
1471 1966
1471 2033
1471 2039
1471 430
1471 499
1471 628
1471 8
1471 974
1473 1579
1475 1886
1475 1900
1475 1903
1475 2102
1475 409
1476 1477
1476 1479
1476 1480
1477 1710
1477 2244
1477 66
1478 66
1479 66
1480 66
1481 1487
1481 1504
1481 1621
1481 264
1481 769
1482 1524
1482 254
1485 1486
1486 2166
1486 432
1486 433
1487 1488
1487 1504
1487 1621
1487 1764
1487 264
1487 769
1488 1621
1488 1736
1488 2016
1488 264
1488 769
149 152
149 154
149 244
149 262
149 264
149 380
149 455
149 48
149 50
149 507
149 51
149 516
149 52
149 57
149 588
149 597
149 68
149 70
149 75
149 79
149 80
149 83
149 91
149 94
149 96
149 99
1490 1491
1490 1730
1490 1748
1490 1750
1490 1757
1490 1885
1490 395
1490 396
1492 1656
1492 1938
1492 245
1492 254
1492 351
1492 681
1492 731
1492 801
1493 1494
1493 1830
1493 1835
1493 1871
1493 1882
1493 1934
1493 1985
1493 1987
1493 1994
1493 212
1493 66
1493 67
1493 90
1493 911
1493 912
1494 1830
1494 1835
1494 1871
1494 1882
1494 209
1494 212
1494 321
1494 421
1494 66
1494 67
1494 891
1494 90
1494 912
1494 913
1494 916
1495 1703
1495 1763
1495 1951
1495 1985
1495 1987
1495 1994
1496 1542
1496 1609
1496 1622
1496 1659
1496 1690
1496 2031
1496 2044
1496 2050
1496 763
1497 169
1498 1577
1498 1638
1498 1725
1498 1844
1498 278
1498 402
1498 431
1498 681
1498 801
1499 1710
15 187
15 73
150 1988
150 2000
150 600
150 604
1500 1686
1500 538
1500 539
1501 1537
1501 1626
1502 1658
1502 166
1502 175
1502 176
1502 178
1502 181
1502 183
1502 184
1502 185
1502 188
1502 190
1502 191
1502 194
1502 448
1502 922
1502 923
1502 924
1502 925
1502 926
1502 927
1502 931
1502 932
1502 933
1502 934
1502 935
1502 937
1502 938
1502 939
1502 940
1502 941
1502 942
1502 943
1502 948
1502 952
1502 953
1502 954
1503 1514
1503 1515
1503 1516
1503 1648
1503 1808
1503 303
1503 332
1503 369
1503 418
1503 420
1503 428
1503 451
1503 492
1503 493
1503 519
1503 690
1503 710
1504 1621
1504 1764
1504 2016
1504 264
1504 769
1505 1941
1505 1967
1505 1969
1508 1776
1509 1625
1509 1626
151 1988
151 241
151 409
151 469
151 509
151 514
151 546
151 600
151 604
151 625
151 627
151 840
1510 320
1511 907
1513 904
1514 1515
1514 1516
1514 1648
1514 1808
1514 302
1514 303
1514 332
1514 369
1514 386
1514 450
1514 451
1514 492
1514 519
1514 690
1514 710
1515 1516
1515 1648
1515 1808
1515 302
1515 303
1515 332
1515 420
1515 428
1515 450
1515 451
1515 492
1515 510
1515 519
1515 710
1516 1648
1516 1808
1516 2081
1516 2082
1516 302
1516 303
1516 332
1516 369
1516 418
1516 420
1516 428
1516 450
1516 451
1516 492
1516 493
1516 519
1516 690
1516 710
1517 270
1517 348
1517 349
1517 400
1517 636
1517 687
1518 300
1519 1649
1519 24
152 244
152 262
152 266
152 301
152 350
152 380
152 455
152 49
152 50
152 507
152 70
152 83
152 99
1520 24
1520 349
1522 762
1523 1769
1523 1786
1523 1993
1523 352
1523 601
1523 602
1523 635
1523 646
1523 72
1526 294
1526 296
1526 307
1526 31
1526 32
1526 320
1526 368
1526 393
1526 394
1526 59
1526 60
1527 762
1528 1723
1528 1724
1528 1894
1528 1921
1528 977
1529 1723
1529 1724
1529 1921
1529 977
1529 978
153 682
153 732
153 84
153 85
153 97
1530 291
1530 349
1530 468
1530 5
1532 2074
1532 210
1532 211
1532 992
1533 320
1533 612
1534 1535
1534 1710
1534 2244
1534 432
1536 1656
1536 174
1536 175
1536 176
1536 182
1536 190
1536 191
1536 194
1536 203
1536 204
1536 206
1536 222
1536 254
1536 304
1536 517
1536 67
1536 90
1536 922
1536 923
1536 931
1536 932
1536 935
1536 936
1536 948
1537 1552
1537 232
1537 233
1537 316
1537 324
1537 325
1537 363
1537 540
1537 831
1538 975
1539 1656
1539 174
1539 175
1539 176
1539 185
1539 189
1539 190
1539 191
1539 194
1539 205
1539 222
1539 254
1539 414
1539 517
1539 67
1539 90
1539 922
1539 923
1539 931
1539 932
1539 935
1539 936
1539 948
1539 966
154 155
154 1553
154 1560
154 2
154 21
154 242
154 295
154 3
154 301
154 308
154 341
154 372
154 373
154 383
154 392
154 401
154 477
154 487
154 495
154 516
154 626
154 639
154 662
154 75
154 78
154 861
154 94
154 98
1541 1617
1541 390
1541 411
1542 1691
1542 2173
1542 324
1542 561
1542 881
1542 919
1543 1606
1543 1931
1543 20
1543 304
1543 446
1544 1568
1544 1801
1544 1862
1545 1801
1545 1802
1546 1606
1546 1931
1546 20
1546 304
1546 446
1546 589
1547 1548
1548 16
1548 603
1549 169
155 1553
155 1560
155 2017
155 25
155 287
155 295
155 341
155 385
155 392
155 52
155 533
155 639
155 662
155 679
155 75
155 776
155 78
155 861
155 98
1550 2143
1550 2144
1550 2163
1550 374
1551 320
1552 325
1553 1560
1553 341
1553 372
1553 383
1553 385
1553 392
1553 401
1553 467
1553 477
1553 533
1553 662
1553 679
1553 861
1555 1572
1555 1758
1555 1765
1555 1782
1555 1836
1555 19
1555 2262
1555 305
1555 31
1555 561
1555 591
1555 60
1555 919
1558 1559
1558 1655
1558 850
1558 987
1559 1574
1559 1585
1559 1642
1559 1643
1559 987
1559 991
156 39
156 406
156 41
156 412
156 44
156 484
156 66
156 67
156 851
1560 295
1560 308
1560 341
1560 372
1560 383
1560 392
1560 401
1560 467
1560 477
1560 533
1560 662
1560 679
1561 2065
1562 1563
1562 1674
1562 1694
1562 1734
1562 516
1562 859
1562 961
1564 1696
1564 1795
1564 1892
1564 1894
1564 1917
1564 1921
1564 2055
1564 216
1564 223
1564 226
1564 447
1564 515
1564 899
1566 1567
1566 2212
1568 1801
1568 1802
1569 361
1569 432
157 316
157 48
157 49
157 50
157 69
157 74
157 892
1570 616
1572 1991
1572 540
1573 572
1574 850
1574 987
1574 991
1575 1607
1575 294
1575 307
1575 31
1575 60
1575 661
1575 678
1576 1581
1576 238
1576 261
1576 495
1577 1774
1577 1820
1577 296
1577 31
1577 402
1577 403
1577 60
1577 944
1577 945
158 2097
158 245
158 374
1581 237
1581 238
1581 261
1581 338
1581 495
1581 543
1582 253
1582 254
1582 447
1582 515
1583 1931
1583 20
1583 304
1585 1655
1585 850
1586 264
1586 455
1586 48
1586 50
1586 68
1586 70
1586 840
1586 96
1587 1944
1587 760
1587 891
1589 1931
1589 395
1591 416
1591 417
1591 442
1596 1599
1596 1600
1596 1601
1596 169
1596 170
1596 1805
1596 1968
1596 2066
1597 1600
1597 1699
1597 1938
1597 2007
1598 1600
1598 1699
1598 1938
1598 2007
1599 1600
1599 1938
1599 2007
16 17
16 2140
160 161
160 2149
160 2150
160 2229
160 2261
160 2271
160 444
160 465
160 483
160 738
160 759
160 854
160 855
1600 1601
1601 2007
1602 1603
1602 1886
1602 1903
1602 1916
1602 1947
1602 1978
1602 2053
1602 297
1602 352
1602 395
1602 791
1602 852
1605 1606
1605 446
1606 1664
1606 2049
1606 447
1607 1879
1607 294
1607 296
1607 307
1607 31
1607 32
1607 59
1607 60
1607 648
1607 661
1607 678
1609 1691
1609 2173
1609 324
1609 374
1609 561
1609 881
1609 919
161 444
161 698
161 759
1610 2310
1611 29
1611 320
1612 1895
1612 324
1612 325
1612 363
1613 1682
1613 544
1614 272
1615 432
1616 416
1616 417
1616 442
1617 411
1618 275
162 163
162 35
162 36
1620 1655
1620 850
1620 987
1621 1722
1621 1736
1621 1764
1621 1840
1621 1946
1621 429
1621 769
1621 859
1621 874
1622 1691
1622 2173
1622 324
1622 561
1622 881
1622 919
1623 1656
1623 174
1623 175
1623 176
1623 179
1623 185
1623 189
1623 190
1623 191
1623 194
1623 204
1623 205
1623 206
1623 254
1623 304
1623 517
1623 67
1623 90
1623 922
1623 923
1623 931
1623 935
1623 936
1623 948
1623 966
1624 321
1625 1626
1627 177
1627 178
1627 644
1628 473
1629 904
163 2155
163 35
163 36
163 544
163 606
163 607
1630 351
1630 403
1631 2102
1631 2186
1631 2369
1631 2370
1631 578
1634 1635
1634 760
1638 351
1638 403
164 699
164 84
164 85
1642 1895
1642 850
1642 987
1642 991
1643 1655
1643 850
1643 987
1644 1753
1644 1797
1644 2105
1644 437
1644 438
1644 466
1644 522
1646 1732
1646 1737
1646 2122
1646 243
1646 63
1646 685
1646 984
1648 1808
1648 302
1648 303
1648 332
1648 369
1648 386
1648 420
1648 428
1648 450
1648 451
1648 492
1648 493
1648 710
1649 24
165 166
165 288
165 315
165 49
165 738
165 864
1650 208
1650 227
1650 228
1650 314
1651 1835
1651 1882
1651 536
1652 1835
1652 1882
1655 1659
1655 1690
1656 253
1656 254
1656 481
1656 680
1658 1670
1658 174
1658 175
1658 176
1658 179
1658 182
1658 185
1658 189
1658 191
1658 194
1658 517
1658 922
1658 923
1658 931
1658 932
1658 935
1658 936
1659 1691
1659 1732
1659 243
1659 317
1659 628
166 174
166 175
166 176
166 182
166 185
166 189
166 190
166 191
166 194
166 315
166 333
166 448
166 517
166 931
166 932
166 935
166 936
166 948
1660 320
1663 390
1663 411
1664 1880
1664 2056
1664 446
1664 973
1665 904
1666 320
1666 904
1667 1711
1667 1712
1667 1739
1667 1827
1668 177
1668 234
1669 497
167 168
167 24
167 25
167 427
167 723
1670 174
1670 175
1670 176
1670 179
1670 182
1670 185
1670 189
1670 190
1670 194
1670 2051
1670 322
1670 517
1670 922
1670 923
1670 931
1670 936
1670 948
1671 283
1671 284
1671 318
1671 328
1671 330
1671 343
1672 566
1672 578
1673 1705
1673 1707
1673 1771
1673 1773
1673 204
1673 209
1673 274
1673 891
1674 1676
1674 1696
1674 2029
1674 961
1675 2229
1675 287
1676 1694
1676 1695
1676 1734
1676 1750
1676 1901
1676 1943
1676 2068
1679 835
168 24
168 25
1681 1857
1682 544
1683 1684
1683 1685
1684 1785
1684 517
1684 948
1685 1785
1685 517
1686 1722
1686 2021
1686 539
1688 1732
1688 243
1688 685
1689 1837
1689 257
1689 39
1689 90
169 1697
169 170
169 1756
169 1768
169 1777
169 1805
169 1818
169 1928
169 476
169 536
1690 1691
1690 1710
1690 1732
1690 243
1690 628
1691 2031
1691 2044
1691 2050
1691 508
1691 756
1691 763
1692 5
1693 1747
1693 1869
1693 2097
1694 2029
1694 961
1695 1696
1695 2029
1696 1781
1696 1782
1696 1788
1696 1960
1696 245
1697 2145
1699 1700
1699 1820
1699 1889
1699 1950
1699 299
17 2139
17 2168
17 2183
17 2184
17 2185
170 1805
170 476
170 536
1701 1830
1701 1882
1701 374
1701 536
1702 1703
1703 1723
1703 1724
1703 201
1703 282
1703 486
1703 536
1703 994
1704 473
1705 1707
1705 1771
1705 204
1705 209
1705 274
1705 431
1705 515
1705 891
1706 1916
1706 1947
1706 1988
1706 2000
1706 561
1706 919
1707 1771
1707 209
1707 274
1707 431
1707 491
1707 891
1708 969
1709 762
171 365
171 366
171 378
171 405
171 434
171 460
171 494
171 504
171 53
171 611
171 708
1710 1893
1710 2138
1710 2244
1710 2251
1710 2294
1710 2299
1710 2312
1710 2313
1710 2314
1710 2315
1710 2316
1710 2317
1710 2318
1710 2320
1710 2321
1710 2330
1710 2333
1710 552
1710 726
1710 780
1710 781
1710 830
1710 902
1711 1712
1711 1827
1711 1854
1712 1854
1714 1897
1714 1898
1714 1899
1715 439
1715 440
1715 505
1716 1938
1716 245
1716 254
1716 351
1716 382
1716 681
1716 801
1717 391
1719 944
1720 895
1721 269
1721 270
1721 349
1721 634
1721 636
1721 687
1722 1723
1722 1724
1722 1946
1722 874
1723 1763
1723 1840
1723 368
1724 1763
1724 1840
1724 368
1725 403
1725 899
1726 1770
1726 409
1726 509
1726 546
1727 770
1728 1729
1729 1733
173 1825
173 1855
173 229
173 259
173 317
173 4
173 415
173 547
173 70
173 724
173 730
173 888
173 891
173 904
173 907
173 915
173 92
173 96
173 986
173 999
1732 1891
1732 1900
1732 1957
1732 1999
1732 2214
1732 2215
1732 232
1732 233
1732 243
1732 268
1732 27
1732 288
1732 306
1732 310
1732 40
1732 409
1732 6
1732 7
1732 831
1732 881
1733 513
1734 2029
1734 961
1735 981
1736 769
1739 1805
1739 1854
1739 1997
1739 430
174 175
174 176
174 177
174 178
174 179
174 180
174 181
174 182
174 183
174 184
174 185
174 186
174 188
174 190
174 191
174 194
174 197
174 198
174 203
174 204
174 205
174 206
174 209
174 212
174 222
174 234
174 257
174 27
174 28
174 287
174 333
174 40
174 41
174 421
174 422
174 44
174 448
174 45
174 517
174 520
174 534
174 67
174 68
174 863
174 90
174 911
174 912
174 913
174 916
174 918
174 920
174 921
174 923
174 924
174 925
174 927
174 931
174 932
174 933
174 934
174 935
174 937
174 938
174 939
174 940
174 948
174 959
174 965
174 976
1740 225
1741 1742
1742 1758
1742 1765
1743 1931
1744 1745
1746 893
1747 1869
1747 242
1749 238
175 176
175 177
175 178
175 179
175 180
175 181
175 182
175 183
175 184
175 185
175 186
175 188
175 189
175 190
175 191
175 194
175 197
175 198
175 203
175 209
175 212
175 222
175 257
175 274
175 287
175 333
175 40
175 422
175 44
175 448
175 517
175 534
175 67
175 68
175 863
175 90
175 911
175 912
175 913
175 916
175 917
175 918
175 920
175 921
175 922
175 923
175 926
175 927
175 931
175 933
175 935
175 937
175 938
175 939
175 940
175 941
175 942
175 943
175 948
175 952
175 953
175 957
175 958
175 959
175 962
175 963
175 965
175 966
175 976
1750 1901
1750 1943
1750 2022
1750 396
1750 881
1752 762
1753 432
1753 466
1754 762
1755 724
1759 7
176 179
176 180
176 182
176 184
176 185
176 186
176 188
176 189
176 190
176 194
176 197
176 198
176 203
176 204
176 209
176 212
176 257
176 27
176 274
176 28
176 287
176 333
176 40
176 41
176 421
176 44
176 448
176 45
176 517
176 520
176 534
176 68
176 863
176 90
176 912
176 913
176 916
176 917
176 918
176 920
176 921
176 922
176 924
176 925
176 926
176 927
176 931
176 933
176 934
176 935
176 938
176 940
176 941
176 942
176 943
176 948
176 953
176 954
176 959
176 963
176 965
176 976
1760 399
1760 977
1760 978
1761 667
1761 915
1763 201
1763 536
1763 994
1764 264
1767 984
1769 352
1769 635
177 178
177 179
177 181
177 182
177 185
177 190
177 191
177 198
177 203
177 205
177 206
177 274
177 28
177 287
177 333
177 341
177 448
177 669
177 917
177 922
177 923
177 931
177 932
177 935
177 936
177 948
177 966
1770 241
1770 465
1770 578
1771 204
1771 209
1771 274
1771 431
1771 491
1771 891
1773 204
1773 209
1773 515
1773 891
1774 1775
1774 1779
1775 311
1775 396
1775 944
1775 945
1776 374
1778 320
1779 311
1779 945
178 179
178 185
178 190
178 194
178 198
178 203
178 204
178 205
178 206
178 222
178 234
178 274
178 333
178 517
178 90
178 917
178 922
178 923
178 931
178 932
178 936
178 966
1780 2251
1780 578
1780 616
1781 1782
1781 1872
1781 1954
1781 2003
1781 2010
1781 272
1786 635
1787 317
1789 628
179 181
179 182
179 183
179 184
179 188
179 189
179 190
179 197
179 198
179 204
179 205
179 206
179 209
179 222
179 234
179 257
179 27
179 274
179 28
179 41
179 421
179 422
179 44
179 448
179 45
179 517
179 534
179 67
179 90
179 911
179 912
179 913
179 916
179 917
179 918
179 920
179 923
179 924
179 926
179 927
179 932
179 933
179 934
179 935
179 936
179 938
179 940
179 941
179 942
179 943
179 952
179 953
179 954
179 959
179 963
179 965
179 966
1792 216
1792 218
1792 219
1792 223
1795 1833
1795 503
1796 1890
1796 1909
1796 1914
1796 457
1796 473
1796 590
1797 432
1797 466
1798 762
18 19
18 95
180 182
180 185
180 189
180 190
180 194
180 198
180 204
180 205
180 206
180 222
180 274
180 28
180 287
180 333
180 448
180 517
180 579
180 917
180 922
180 923
180 932
1800 2082
1800 420
1800 690
1801 1802
1801 1862
1801 919
1802 1805
1804 905
1805 1862
1805 1981
1805 2011
1805 430
1806 762
1808 302
1808 303
1808 332
1808 369
1808 418
1808 420
1808 428
1808 450
1808 492
1808 493
1808 710
181 182
181 185
181 189
181 190
181 194
181 203
181 204
181 205
181 206
181 222
181 274
181 28
181 287
181 333
181 63
181 67
181 922
181 923
181 931
181 932
181 935
181 936
181 948
181 966
1810 583
1812 583
1813 449
1814 1815
1815 2166
1815 432
1815 815
1819 91
182 183
182 184
182 185
182 188
182 190
182 194
182 197
182 198
182 203
182 204
182 205
182 206
182 209
182 212
182 234
182 257
182 27
182 274
182 28
182 333
182 40
182 41
182 421
182 422
182 44
182 448
182 45
182 517
182 520
182 534
182 68
182 863
182 90
182 911
182 913
182 916
182 917
182 918
182 920
182 921
182 922
182 923
182 924
182 926
182 927
182 931
182 932
182 933
182 934
182 935
182 936
182 937
182 939
182 940
182 941
182 942
182 948
182 952
182 953
182 954
182 963
182 965
182 966
1820 214
1820 475
1821 406
1822 28
1822 628
1823 1826
1823 1889
1823 1950
1824 820
1827 1854
1829 499
1829 536
183 189
183 190
183 191
183 198
183 203
183 204
183 222
183 274
183 333
183 448
183 517
183 67
183 917
183 922
183 923
183 932
183 935
183 936
183 948
183 966
1830 566
1830 589
1830 67
1830 8
1830 90
1830 974
1831 227
1832 621
1835 67
1835 8
1835 90
1835 974
1837 257
1837 39
1837 523
1837 90
1838 905
184 185
184 189
184 191
184 194
184 198
184 203
184 204
184 206
184 222
184 274
184 28
184 333
184 448
184 67
184 90
184 917
184 922
184 923
184 931
184 932
184 935
184 936
184 948
184 966
1840 1946
1840 874
1841 2371
1842 500
1843 406
1844 403
1848 334
1848 39
1848 41
1848 462
1848 463
1848 67
1849 1852
185 186
185 188
185 189
185 190
185 191
185 194
185 203
185 204
185 206
185 209
185 212
185 222
185 234
185 257
185 274
185 40
185 422
185 44
185 448
185 45
185 517
185 520
185 534
185 67
185 68
185 863
185 90
185 911
185 913
185 917
185 918
185 920
185 923
185 924
185 925
185 926
185 927
185 931
185 932
185 934
185 935
185 937
185 940
185 941
185 942
185 943
185 948
185 952
185 953
185 954
185 959
185 963
185 965
185 966
185 976
1850 486
1850 508
1856 499
1856 536
1859 92
186 189
186 198
186 203
186 204
186 205
186 206
186 222
186 28
186 287
186 333
186 448
186 517
186 67
186 90
186 917
186 922
186 923
186 931
186 932
186 936
186 948
186 966
1860 731
1861 317
1865 688
1866 449
1867 2209
1867 572
1868 449
1869 242
1871 212
1871 321
1871 421
1871 66
1871 67
1871 90
1871 911
1871 912
1871 913
1871 916
1872 1916
1872 1947
1872 1988
1872 2000
1872 2053
1872 561
1872 919
1873 1874
1874 1936
1874 1937
1877 261
1877 543
1878 2020
1878 2024
1878 2036
1878 995
1879 307
1879 31
1879 471
1879 60
1879 649
1879 661
1879 678
188 190
188 191
188 194
188 198
188 203
188 205
188 206
188 222
188 28
188 431
188 448
188 517
188 922
188 932
188 935
188 936
188 948
188 966
1881 320
1882 374
1882 566
1882 67
1882 8
1882 974
1884 390
1886 61
1886 62
1887 1903
1887 536
1887 681
1887 801
1888 210
1888 211
1888 221
1888 992
189 191
189 194
189 197
189 198
189 204
189 205
189 206
189 209
189 222
189 234
189 257
189 274
189 28
189 333
189 40
189 41
189 421
189 44
189 448
189 45
189 517
189 520
189 534
189 67
189 68
189 863
189 90
189 911
189 912
189 913
189 916
189 918
189 921
189 922
189 923
189 925
189 926
189 927
189 931
189 932
189 933
189 934
189 935
189 936
189 937
189 938
189 939
189 940
189 941
189 942
189 952
189 953
189 954
189 963
189 965
189 966
189 976
1890 324
1891 243
1892 503
1893 1974
1893 2244
1893 287
1893 561
1893 593
1894 368
1894 503
1894 977
1894 978
1895 363
1896 1897
1896 1898
1897 2046
1897 561
1897 919
1898 2046
1898 2047
1898 561
1899 287
1899 288
1899 998
19 320
19 336
19 516
19 595
190 191
190 197
190 198
190 204
190 205
190 206
190 209
190 212
190 222
190 234
190 257
190 28
190 333
190 40
190 41
190 421
190 422
190 44
190 448
190 520
190 67
190 68
190 90
190 911
190 912
190 913
190 916
190 917
190 918
190 920
190 921
190 922
190 924
190 925
190 926
190 927
190 932
190 934
190 935
190 937
190 939
190 940
190 941
190 942
190 943
190 948
190 952
190 953
190 954
190 959
190 963
190 965
190 966
190 976
1900 243
1900 61
1900 62
1901 1902
1901 1904
1903 61
1903 62
1904 1943
1904 272
1905 1906
1905 563
1906 1955
1906 2044
1906 756
1907 996
1907 997
1908 245
1908 246
1908 247
1909 1912
1909 473
1909 590
191 194
191 197
191 198
191 203
191 206
191 209
191 212
191 234
191 257
191 27
191 28
191 333
191 40
191 41
191 422
191 44
191 448
191 517
191 520
191 534
191 67
191 68
191 79
191 863
191 911
191 912
191 917
191 918
191 920
191 921
191 922
191 923
191 924
191 926
191 931
191 933
191 934
191 935
191 937
191 938
191 939
191 940
191 942
191 943
191 948
191 953
191 957
191 958
191 959
191 962
191 963
191 965
191 976
1911 1912
1912 1914
1912 447
1912 503
1912 515
1912 559
1914 473
1914 590
1915 1991
1915 2054
1915 376
1916 1926
1916 1929
1916 1947
1916 2053
1916 8
1916 974
1917 503
1918 1920
1919 2028
192 193
192 322
1920 2028
1921 503
1921 977
1921 978
1922 1923
1922 613
1924 994
1925 431
1926 1947
1927 193
1927 2014
1927 2063
1928 1993
1928 271
1929 1947
1929 2053
193 2014
193 2023
193 2062
193 2063
193 2067
193 990
1930 272
1930 299
1930 484
1932 304
1934 413
1935 1936
1935 1937
1935 1993
1937 2025
1939 1940
194 197
194 198
194 203
194 204
194 205
194 206
194 209
194 212
194 222
194 234
194 257
194 27
194 274
194 333
194 40
194 41
194 421
194 422
194 44
194 45
194 517
194 520
194 534
194 67
194 68
194 863
194 90
194 911
194 912
194 913
194 916
194 917
194 918
194 920
194 921
194 922
194 923
194 925
194 926
194 927
194 931
194 932
194 933
194 935
194 937
194 938
194 939
194 940
194 941
194 942
194 943
194 952
194 953
194 954
194 959
194 963
194 965
194 966
194 976
1940 1966
1940 2033
1940 2039
1941 1942
1941 1944
1941 1945
1941 499
1942 469
1944 1967
1944 2246
1944 469
1945 1967
1945 469
1946 859
1947 8
1947 974
1948 1982
1948 2018
1948 2036
1948 764
1948 995
1949 1971
195 196
195 2109
195 2163
195 374
195 541
195 640
195 641
195 757
1951 881
1952 881
1953 245
1954 1964
1954 881
1957 243
1958 1991
1958 2054
1958 282
1958 63
1959 2004
1959 2005
1959 2006
1959 2035
196 374
1963 288
1964 1990
1964 2010
1967 499
197 198
197 203
197 204
197 205
197 206
197 222
197 274
197 28
197 517
197 64
197 67
197 885
197 917
197 922
197 923
197 931
197 936
197 948
1971 1973
1971 561
1971 899
1971 919
1973 654
1974 1976
1974 1978
1974 1979
1974 216
1974 223
1974 226
1974 594
1976 287
1976 561
1976 593
1976 919
1977 417
1978 593
1978 594
1979 593
198 203
198 204
198 205
198 206
198 209
198 212
198 222
198 234
198 257
198 27
198 274
198 28
198 40
198 41
198 422
198 44
198 45
198 517
198 520
198 534
198 558
198 64
198 67
198 703
198 79
198 90
198 911
198 912
198 913
198 916
198 917
198 918
198 920
198 921
198 922
198 923
198 924
198 926
198 931
198 932
198 934
198 935
198 936
198 937
198 939
198 941
198 942
198 943
198 948
198 952
198 953
198 954
198 957
198 958
198 959
198 962
198 963
198 965
198 976
1980 593
1982 1983
1982 995
1983 2018
1983 2036
1985 881
1986 472
1987 881
199 200
199 214
199 508
199 706
199 901
1990 325
1991 216
1991 218
1991 219
1991 223
1991 226
1991 271
1992 396
1992 666
1992 667
1994 881
1999 243
2 21
2 242
2 295
2 3
2 383
2 387
2 438
2 477
2 613
2 642
2 719
2 98
20 217
20 247
20 273
20 298
20 416
20 666
20 8
20 9
20 974
200 214
200 508
200 901
2001 2083
2001 374
2001 417
2001 88
2003 2004
2003 2006
2003 2035
2009 64
201 202
201 486
201 508
2010 881
2012 472
2013 253
2013 530
2017 748
2018 995
2019 530
202 486
2020 2065
2020 899
2024 2065
2024 899
2027 271
2028 484
203 204
203 206
203 209
203 212
203 222
203 234
203 257
203 28
203 40
203 41
203 421
203 422
203 45
203 517
203 520
203 534
203 67
203 68
203 863
203 90
203 911
203 912
203 916
203 917
203 918
203 920
203 921
203 922
203 923
203 924
203 925
203 926
203 927
203 932
203 933
203 935
203 936
203 939
203 940
203 941
203 942
203 943
203 948
203 953
203 959
203 976
2030 563
2032 458
2036 995
2038 218
2038 219
2038 223
2038 226
204 205
204 212
204 222
204 245
204 257
204 27
204 274
204 399
204 40
204 431
204 44
204 491
204 517
204 520
204 534
204 67
204 68
204 863
204 911
204 912
204 913
204 916
204 917
204 918
204 920
204 921
204 924
204 925
204 926
204 931
204 932
204 933
204 935
204 937
204 939
204 940
204 941
204 948
204 953
204 954
204 959
204 963
204 965
204 976
2042 64
2044 563
2045 288
2046 374
2049 2089
2049 2230
205 206
205 209
205 212
205 222
205 234
205 257
205 27
205 274
205 28
205 40
205 41
205 421
205 422
205 45
205 517
205 520
205 534
205 644
205 67
205 79
205 90
205 911
205 912
205 913
205 917
205 918
205 920
205 921
205 922
205 923
205 925
205 926
205 927
205 931
205 932
205 933
205 934
205 935
205 936
205 937
205 938
205 939
205 940
205 941
205 943
205 952
205 957
205 958
205 966
205 976
2050 311
2053 8
2053 974
2059 472
206 209
206 212
206 234
206 245
206 257
206 27
206 274
206 28
206 399
206 40
206 41
206 422
206 44
206 45
206 517
206 520
206 534
206 67
206 68
206 863
206 911
206 912
206 916
206 917
206 918
206 920
206 921
206 922
206 923
206 924
206 926
206 927
206 931
206 932
206 933
206 935
206 936
206 938
206 939
206 940
206 941
206 943
206 948
206 952
206 953
206 959
206 963
206 965
206 966
2060 64
2062 2063
2065 475
2065 507
207 208
207 605
2073 2074
2074 2102
2075 2136
2076 2163
2076 240
2076 248
2077 813
2078 432
2078 436
2078 877
2079 374
208 227
208 314
208 605
2081 2082
2081 690
2082 2362
2082 418
2082 690
2082 710
2083 2112
2083 2117
2083 2118
2083 2127
2083 2135
2083 2190
2083 2206
2083 2241
2083 2293
2083 2302
2083 2311
2083 2335
2083 2336
2083 2337
2083 2339
2083 2340
2083 2372
2083 250
2083 475
2083 574
2083 641
2083 696
2083 698
2083 716
2083 738
2083 744
2083 746
2083 846
2083 88
2083 899
2083 928
2083 930
2083 947
2084 2085
2084 2163
2085 2358
2087 2088
2088 2177
2088 2263
2088 2325
2088 248
2088 768
209 222
209 274
209 28
209 431
209 491
209 515
209 517
209 66
209 67
209 891
209 90
209 922
209 923
209 931
209 935
209 936
209 948
209 966
2090 603
2091 2092
2093 475
2094 574
2095 2102
2095 2137
2095 574
2095 698
2096 574
2097 2134
2097 2359
2097 34
2097 535
2097 557
21 242
21 295
21 3
21 301
21 308
21 392
21 438
21 477
21 542
21 613
21 642
21 719
21 748
21 807
21 94
21 98
210 211
210 220
210 221
210 992
2100 603
2101 374
2102 2107
2102 2328
2102 505
2103 2104
2103 2121
2105 2123
2105 2124
2105 2135
2105 2136
2105 2373
2105 2374
2105 641
2105 655
2105 656
2105 716
2105 717
2105 744
2105 769
2105 819
2106 239
2106 374
2106 432
2106 815
2107 374
2108 374
2109 2136
2109 2171
2109 2260
2109 374
211 220
211 221
211 992
2110 2192
2110 374
2112 656
2113 754
2114 374
2115 374
2116 374
2117 374
2118 374
2119 374
212 222
212 274
212 321
212 475
212 517
212 66
212 90
212 917
212 922
212 923
212 931
212 932
212 936
212 948
2120 374
2121 2257
2121 374
2123 374
2123 432
2123 815
2124 2166
2124 374
2124 475
2125 2164
2126 374
2127 374
2129 374
213 214
2130 374
2131 374
2132 374
2133 374
2135 374
2136 2260
2136 2300
2136 374
2136 655
2136 656
2136 846
2139 2208
214 2213
214 469
214 706
214 740
214 901
214 993
2142 2207
2143 2144
2143 2182
2145 866
2146 2232
2148 565
2148 810
2149 2150
2149 854
215 216
215 975
2150 2171
2150 289
2150 483
2151 2152
2154 2155
2155 2207
2155 751
2155 755
2156 2157
2156 2158
2156 2292
2157 2307
2159 543
216 218
216 219
216 258
216 423
216 503
216 593
216 904
216 990
2160 609
2161 2162
2162 2186
2163 2171
2163 738
2165 2166
2166 2177
2166 2206
2166 2222
2166 2241
2166 2263
2166 2280
2166 2282
2166 2285
2166 2323
2166 2325
2166 433
2166 928
2168 2238
2168 573
2169 432
217 417
217 8
217 9
217 974
2170 432
2171 846
2171 871
2173 86
2174 2175
2177 2322
2178 540
218 219
218 223
218 352
218 494
218 635
2181 540
2187 2223
2188 474
219 223
219 245
219 246
219 247
219 271
219 399
2191 960
2192 2193
2192 641
2192 896
2193 2265
2193 2266
2195 432
2196 34
2196 582
2197 544
2198 823
2199 468
22 23
22 46
22 609
22 610
220 992
2200 2224
2200 270
2201 2202
2201 603
2204 2205
2204 738
2204 768
2206 432
2207 2208
2207 2209
2210 784
2213 414
2214 243
2215 243
2216 243
2217 561
2218 531
2219 2220
2219 2221
222 234
222 257
222 27
222 40
222 41
222 421
222 44
222 45
222 517
222 520
222 534
222 67
222 68
222 79
222 863
222 90
222 911
222 913
222 917
222 918
222 920
222 921
222 922
222 923
222 925
222 927
222 931
222 932
222 933
222 934
222 936
222 937
222 938
222 939
222 940
222 941
222 948
222 952
222 953
222 954
222 957
222 959
222 962
222 963
222 965
222 966
2220 2241
2220 432
2220 475
2221 432
2222 432
2225 475
2226 2229
2226 738
2228 738
2228 744
2229 738
2229 846
223 258
223 423
223 503
223 593
223 990
223 997
2231 774
2233 513
2234 475
2235 831
2236 475
2237 810
2239 619
224 225
224 317
224 320
224 724
224 904
2241 2242
2241 2243
2241 432
2242 433
2242 475
2244 2294
2244 233
2244 2333
2244 2368
2244 750
2244 780
2244 781
2244 823
2244 846
2244 862
2244 869
2246 823
2246 881
2247 2248
2247 286
2247 557
2247 582
2247 793
2247 887
225 320
225 724
2250 2251
2252 531
2254 289
2255 289
2257 2259
2257 415
2258 2259
2258 584
2259 2371
226 258
226 423
226 990
226 997
2263 475
2264 561
2266 432
2267 561
2269 53
2269 54
227 228
227 293
227 314
227 605
227 707
227 710
2271 289
2273 289
2275 755
2276 340
2277 340
2278 340
2279 447
2279 515
228 314
228 605
2281 432
2282 432
2283 2284
2287 698
2288 832
2291 633
2297 86
2298 340
23 46
2300 656
2301 883
2303 340
2304 561
2305 837
2306 475
2307 837
2308 2309
2308 2328
231 241
231 267
231 390
2311 432
2311 475
2315 432
232 233
232 243
2322 2325
2324 475
233 243
233 831
2331 475
2332 513
2338 710
234 274
234 28
234 50
234 517
234 628
234 63
234 67
234 922
234 923
234 935
234 936
234 948
234 966
2341 432
2342 432
2344 543
2345 432
2346 432
2347 432
2349 432
235 236
2350 432
2351 432
2352 432
2353 432
2354 432
2355 432
2355 475
2357 432
236 287
236 849
2360 930
2361 561
2361 919
2363 585
2366 886
2367 540
237 238
237 261
237 338
237 495
237 543
238 261
238 338
238 468
238 495
238 543
238 687
238 950
239 240
239 248
239 768
24 269
24 287
24 288
24 349
24 358
24 375
24 427
24 52
24 544
24 597
24 634
24 636
24 65
24 723
24 75
24 91
240 248
241 26
241 263
241 267
241 280
241 309
241 313
241 353
241 366
241 378
241 409
241 460
241 469
241 509
241 514
241 53
241 54
241 546
241 55
241 56
241 562
241 578
241 58
241 599
241 795
242 295
242 3
242 387
242 392
242 438
242 613
242 642
242 719
242 748
242 807
242 98
243 27
243 288
243 292
243 310
243 40
243 409
243 41
243 6
243 7
243 831
243 881
244 250
244 251
244 262
244 264
244 266
244 295
244 301
244 350
244 380
244 422
244 455
244 461
244 471
244 48
244 488
244 50
244 507
244 51
244 511
244 527
244 553
244 57
244 588
244 631
244 651
244 69
244 70
244 74
244 75
244 79
244 80
244 807
244 825
244 840
244 91
244 94
244 96
244 98
244 99
245 246
245 247
245 253
245 254
245 399
245 447
245 454
245 472
245 515
245 559
245 596
245 680
245 722
245 891
246 299
247 299
247 399
247 596
247 691
249 449
249 697
249 827
25 287
25 308
25 319
25 320
25 341
25 349
25 353
25 375
25 427
25 49
25 65
25 650
25 715
25 723
25 749
25 807
25 91
250 264
250 334
250 41
250 623
250 658
250 697
250 715
250 720
251 252
251 805
253 254
253 399
253 465
253 473
253 578
253 616
253 704
254 399
254 447
254 481
254 515
254 561
254 66
254 680
255 256
256 275
257 28
257 517
257 523
257 64
257 67
257 90
257 917
257 922
257 923
257 932
257 935
257 936
257 948
258 271
258 423
258 509
258 561
258 990
258 996
259 904
26 263
26 267
26 280
26 309
26 313
26 459
26 53
26 54
26 58
26 599
26 970
260 261
261 338
261 495
261 506
261 543
261 812
262 264
262 266
262 295
262 341
262 350
262 380
262 404
262 422
262 455
262 461
262 470
262 471
262 48
262 488
262 49
262 50
262 507
262 51
262 511
262 52
262 553
262 598
262 69
262 70
262 75
262 789
262 79
262 80
262 822
262 91
262 94
262 98
262 99
263 267
263 280
263 309
263 409
263 54
263 55
263 58
263 599
263 718
264 266
264 301
264 308
264 350
264 380
264 422
264 455
264 471
264 48
264 488
264 49
264 50
264 507
264 51
264 52
264 527
264 553
264 588
264 598
264 68
264 74
264 75
264 79
264 94
264 96
265 92
265 93
266 301
266 341
266 380
266 404
266 422
266 461
266 488
266 50
266 51
266 511
266 52
266 527
266 553
266 57
266 588
266 66
266 74
266 75
266 79
266 80
266 83
266 91
266 94
266 98
266 99
267 309
267 313
267 378
267 407
267 460
267 54
267 55
267 56
267 58
267 599
267 718
268 292
268 310
268 7
269 270
269 348
269 349
269 400
269 634
269 636
269 687
27 39
27 517
27 523
27 583
27 64
27 66
27 67
27 674
27 779
27 90
27 917
27 922
27 931
27 932
27 936
27 966
270 358
270 400
270 634
270 687
271 423
271 990
271 997
272 298
272 311
272 442
272 961
274 28
274 39
274 40
274 41
274 422
274 44
274 45
274 491
274 515
274 534
274 68
274 863
274 891
274 90
274 911
274 912
274 913
274 916
274 918
274 920
274 922
274 924
274 925
274 926
274 927
274 931
274 932
274 933
274 934
274 935
274 936
274 937
274 938
274 939
274 941
274 942
274 943
274 952
274 953
274 954
274 959
274 963
274 966
274 976
276 277
276 300
277 300
277 320
277 994
277 995
278 279
278 351
278 403
279 826
28 40
28 41
28 44
28 45
28 517
28 520
28 523
28 534
28 64
28 67
28 79
28 911
28 912
28 913
28 916
28 917
28 918
28 921
28 922
28 923
28 924
28 925
28 927
28 931
28 934
28 936
28 937
28 938
28 939
28 940
28 942
28 948
28 952
28 953
28 954
28 957
28 959
28 962
28 963
28 965
28 966
28 976
28 984
280 309
280 313
280 460
280 53
280 54
280 55
280 58
280 599
280 718
281 282
282 297
283 284
283 318
283 328
283 330
283 342
283 343
284 318
284 330
284 342
285 286
287 288
287 295
287 301
287 333
287 341
287 353
287 431
287 448
287 49
287 495
287 51
287 52
287 639
287 667
287 69
287 83
287 891
287 91
287 923
287 924
287 925
287 926
287 937
287 939
287 952
287 953
287 954
288 316
288 431
288 509
288 52
288 693
288 75
288 892
288 91
289 290
289 356
289 622
289 668
29 30
29 375
29 406
29 47
29 61
29 62
29 967
29 973
290 668
290 686
291 312
291 464
291 468
291 5
291 636
291 97
292 306
292 6
292 7
293 384
293 673
293 707
294 296
294 307
294 31
294 32
294 320
294 368
294 393
294 394
294 471
294 60
294 661
294 677
294 678
295 3
295 308
295 341
295 368
295 372
295 373
295 383
295 385
295 387
295 392
295 401
295 461
295 467
295 477
295 487
295 49
295 495
295 50
295 52
295 525
295 57
295 626
295 639
295 662
295 679
295 69
295 735
295 74
295 743
295 748
295 78
295 83
295 861
295 94
295 98
296 307
296 31
296 32
296 320
296 393
296 394
296 471
296 59
296 60
296 648
296 661
296 677
296 678
298 299
298 311
298 352
299 311
299 351
299 399
299 635
299 646
3 308
3 383
3 392
3 438
3 477
3 613
3 642
3 748
3 98
30 367
30 375
30 47
30 62
300 994
300 995
301 341
301 350
301 404
301 422
301 461
301 470
301 48
301 488
301 49
301 50
301 51
301 511
301 52
301 553
301 57
301 69
301 74
301 75
301 79
301 80
301 83
301 91
301 99
302 303
302 332
302 369
302 386
302 418
302 420
302 428
302 451
302 492
302 493
302 510
302 690
302 710
302 888
303 332
303 369
303 386
303 418
303 420
303 428
303 451
303 493
303 519
303 690
304 305
304 431
305 628
305 635
305 700
305 867
306 310
306 6
306 7
307 31
307 32
307 368
307 393
307 471
307 59
307 60
307 648
307 661
307 677
307 678
308 320
308 368
308 380
308 383
308 385
308 387
308 392
308 401
308 467
308 477
308 48
308 487
308 49
308 50
308 51
308 52
308 525
308 613
308 662
308 679
308 719
308 736
308 748
308 861
308 91
308 94
308 98
309 53
309 54
309 55
309 56
309 58
309 599
309 790
31 368
31 394
31 60
31 648
31 661
31 677
31 678
310 6
310 7
311 413
311 476
311 559
311 701
312 4
312 464
312 468
313 378
313 381
313 409
313 45
313 459
313 460
313 465
313 509
313 53
313 54
313 56
313 562
313 565
313 578
313 58
314 384
314 605
315 738
316 317
316 320
316 325
316 363
316 681
316 801
316 892
317 395
317 589
317 967
318 328
318 330
318 343
318 52
319 320
319 348
319 400
319 427
319 623
319 824
319 838
319 91
32 368
32 393
32 394
32 60
32 677
32 678
320 348
320 349
320 364
320 368
320 374
320 394
320 395
320 400
320 426
320 427
320 433
320 481
320 539
320 589
320 59
320 60
320 634
320 654
320 72
320 824
320 834
320 838
320 967
320 973
321 39
321 40
321 421
321 45
321 66
321 67
321 891
321 90
321 911
321 912
321 913
321 916
322 497
322 530
323 497
323 530
323 844
324 363
325 363
326 327
326 356
326 397
326 409
326 445
326 469
326 625
327 356
327 357
327 397
327 445
327 489
327 50
327 709
327 811
328 330
328 342
328 343
33 34
33 568
33 582
33 671
33 684
33 844
33 883
33 887
330 342
330 343
331 332
332 418
332 428
332 449
332 450
332 451
332 492
332 493
332 565
332 690
332 710
333 922
333 924
333 925
333 926
333 927
333 933
333 934
333 936
333 937
333 938
333 939
333 940
333 941
333 943
333 948
333 952
333 953
334 39
334 40
334 41
334 412
334 44
334 45
334 462
334 463
334 484
334 485
334 569
334 66
334 67
334 823
335 337
335 374
335 42
335 43
336 95
337 42
337 43
338 349
338 495
338 543
338 687
339 340
34 557
34 582
34 887
340 647
340 950
341 372
341 383
341 385
341 387
341 392
341 467
341 477
341 48
341 487
341 491
341 495
341 50
341 51
341 515
341 52
341 525
341 558
341 57
341 597
341 639
341 65
341 667
341 69
341 70
341 729
341 74
341 75
341 760
341 78
341 785
341 79
341 813
341 83
341 840
341 861
341 91
341 94
341 98
341 99
343 567
343 645
343 772
343 822
343 848
344 345
344 361
344 362
344 500
344 592
345 361
345 362
345 379
345 592
346 347
346 374
346 947
348 400
348 634
348 636
348 687
349 358
349 400
349 427
349 438
349 466
349 468
349 544
349 634
349 636
349 65
349 683
349 687
349 824
35 36
35 606
35 607
350 380
350 48
350 488
350 49
350 50
350 507
350 509
350 51
350 52
350 527
350 553
350 57
350 74
350 79
350 80
350 94
350 99
351 352
351 382
351 635
351 680
352 382
353 54
353 56
353 65
353 650
353 773
353 784
353 81
355 657
356 357
356 445
356 489
356 709
357 397
357 445
357 709
358 634
358 636
359 360
361 362
361 379
361 592
361 883
362 754
363 424
363 77
364 502
364 955
365 378
365 381
365 434
365 494
365 504
365 611
365 708
366 381
366 405
366 460
366 494
366 708
367 375
367 406
367 47
367 61
367 62
368 393
368 394
368 59
368 60
368 977
368 978
369 386
369 418
369 420
369 428
369 451
369 492
369 493
369 510
369 519
369 690
37 774
370 82
371 82
372 373
372 383
372 385
372 392
372 401
372 477
372 487
372 662
372 735
372 861
372 98
373 383
373 401
373 477
373 670
373 856
373 98
374 42
374 43
374 574
374 698
374 722
374 744
374 759
374 761
374 768
375 406
375 61
375 62
375 65
376 377
378 434
378 494
378 504
378 53
378 54
378 55
378 58
378 611
378 708
379 500
380 455
380 461
380 471
380 488
380 49
380 50
380 507
380 51
380 52
380 525
380 57
380 588
380 70
380 74
380 75
380 79
380 80
380 83
380 91
380 99
381 405
381 460
381 494
381 504
381 611
381 708
382 635
382 680
383 385
383 387
383 392
383 401
383 467
383 477
383 487
383 525
383 533
383 662
383 679
383 743
383 861
383 98
384 605
384 690
384 707
384 710
385 392
385 401
385 467
385 477
385 490
385 499
385 501
385 521
385 525
385 526
385 533
385 736
385 91
385 98
386 418
386 451
386 492
386 493
386 510
386 519
386 690
386 710
387 467
387 487
387 662
387 743
387 748
388 389
388 587
389 587
389 619
39 40
39 41
39 412
39 44
39 462
39 463
39 482
39 484
39 523
39 569
39 643
39 66
39 67
39 90
39 902
39 917
39 918
39 920
39 921
390 391
390 410
390 411
390 727
392 401
392 467
392 477
392 487
392 525
392 662
392 679
392 861
392 91
392 94
393 394
393 60
393 762
394 563
394 59
394 60
395 396
395 503
396 399
396 430
396 666
397 445
397 709
399 472
399 515
399 680
399 977
399 978
4 468
4 5
4 687
40 41
40 412
40 44
40 45
40 482
40 517
40 64
40 643
40 66
40 67
40 800
40 90
40 917
40 923
40 931
40 932
40 935
40 936
40 948
400 634
400 687
401 477
401 487
401 525
401 533
401 626
401 662
401 861
401 94
401 98
403 681
403 801
404 470
404 48
404 488
404 49
404 50
404 51
404 52
404 527
404 553
404 57
404 74
404 75
404 79
404 80
404 94
405 434
405 460
405 494
405 504
405 611
405 820
406 47
406 482
406 583
406 62
406 674
407 408
407 409
407 417
407 442
407 456
408 416
408 417
408 442
408 456
409 469
409 514
409 54
409 545
409 565
409 566
409 578
409 58
409 61
409 874
41 412
41 44
41 462
41 463
41 484
41 517
41 569
41 64
41 658
41 66
41 67
41 90
41 917
41 922
41 923
41 931
41 932
41 948
41 966
410 411
410 832
411 832
412 44
412 45
412 462
412 463
412 484
412 569
412 66
412 67
413 691
414 415
416 442
416 456
416 459
416 701
417 441
417 456
417 459
417 559
417 701
418 420
418 428
418 450
418 451
418 493
418 510
418 519
419 5
419 608
419 97
42 43
420 428
420 429
420 450
420 451
420 492
420 510
420 519
420 690
420 710
421 517
421 694
421 922
421 923
421 931
421 932
421 948
421 966
422 455
422 48
422 488
422 50
422 51
422 517
422 527
422 553
422 598
422 64
422 67
422 70
422 79
422 90
422 917
422 923
422 931
422 932
422 935
422 936
422 948
422 966
422 99
423 600
423 604
423 990
424 76
425 426
426 623
427 723
428 450
428 451
428 492
428 493
428 510
428 519
428 888
429 430
430 561
430 764
430 919
431 491
431 515
431 558
431 637
431 649
431 681
431 801
431 891
432 433
432 716
432 769
432 820
432 843
434 460
434 494
434 504
434 611
434 975
435 436
436 875
437 438
437 466
437 522
438 522
438 683
439 440
439 465
439 505
44 462
44 463
44 482
44 484
44 517
44 569
44 64
44 658
44 67
44 922
44 923
44 931
44 935
44 936
44 948
44 966
440 505
441 442
442 456
442 459
442 559
442 701
442 742
443 444
443 496
444 496
444 759
445 489
446 447
446 515
447 472
447 473
447 503
448 922
448 923
448 924
448 926
448 927
448 931
448 932
448 933
448 935
448 936
448 937
448 938
448 939
448 941
448 942
448 943
448 948
448 952
448 953
448 954
449 521
449 524
449 866
45 482
45 517
45 52
45 542
45 569
45 64
45 66
45 667
45 67
45 90
45 917
45 922
45 923
45 931
45 935
45 948
45 966
450 492
450 510
450 519
450 690
450 710
450 888
451 492
451 493
451 519
451 690
452 453
452 88
452 89
453 88
453 89
454 570
454 571
454 738
455 48
455 49
455 50
455 51
455 52
455 57
455 68
455 70
455 75
455 79
455 840
455 94
455 96
455 99
456 459
456 559
456 701
457 458
457 556
458 556
459 494
459 681
459 795
460 494
460 504
460 53
460 55
460 58
460 611
460 708
461 470
461 471
461 48
461 49
461 50
461 507
461 51
461 511
461 52
461 525
461 57
461 588
461 69
461 74
461 79
461 83
461 91
461 99
462 463
462 484
462 67
463 484
463 67
464 5
464 636
465 541
465 578
465 616
465 675
465 676
466 522
466 683
467 525
467 533
467 626
467 662
467 679
467 770
467 861
467 98
468 5
469 499
469 509
469 514
469 624
469 625
469 627
469 764
47 61
470 48
470 49
470 51
470 52
470 57
470 75
470 79
470 83
471 48
471 49
471 51
471 57
471 60
471 648
471 678
471 79
472 515
473 515
473 590
474 475
475 656
475 769
475 783
475 867
475 918
476 516
477 662
477 679
477 743
477 748
477 861
477 98
479 480
48 488
48 50
48 51
48 511
48 52
48 527
48 57
48 588
48 598
48 631
48 651
48 68
48 69
48 70
48 74
48 75
48 80
48 807
48 83
48 91
48 94
48 99
482 67
482 886
484 67
485 49
485 544
485 586
485 736
487 662
487 735
487 94
487 98
488 49
488 50
488 51
488 52
488 527
488 553
488 57
488 598
488 79
488 80
488 94
49 50
49 507
49 51
49 511
49 516
49 52
49 544
49 588
49 597
49 639
49 68
49 69
49 70
49 74
49 75
49 79
49 83
49 91
49 94
49 96
49 98
49 99
490 501
490 521
491 515
491 70
491 703
491 730
491 760
491 785
491 891
492 493
492 690
492 710
492 888
493 510
493 519
493 690
494 504
495 543
495 663
495 78
495 97
495 98
499 521
499 536
499 91
499 94
5 687
5 733
5 97
50 501
50 507
50 51
50 52
50 527
50 553
50 597
50 631
50 651
50 68
50 69
50 74
50 79
50 80
50 825
50 840
50 91
50 94
50 96
50 99
500 592
501 521
502 955
503 515
503 899
504 611
507 51
507 52
507 527
507 57
507 75
507 91
508 901
509 514
509 52
509 540
509 578
509 613
509 627
509 693
509 881
51 511
51 52
51 553
51 57
51 588
51 598
51 68
51 69
51 74
51 75
51 789
51 79
51 83
51 849
51 91
51 94
51 99
511 52
511 57
511 70
511 79
511 91
511 94
512 651
512 68
513 584
514 627
515 558
515 760
515 891
516 83
516 91
517 534
517 67
517 68
517 863
517 90
517 911
517 912
517 913
517 916
517 917
517 920
517 921
517 923
517 924
517 925
517 926
517 927
517 931
517 932
517 934
517 935
517 936
517 941
517 942
517 952
517 953
517 959
517 963
517 965
517 976
519 710
519 888
52 527
52 553
52 588
52 598
52 68
52 69
52 70
52 74
52 78
52 79
52 80
52 83
52 91
52 94
52 98
52 99
520 628
520 64
520 67
520 90
520 917
520 922
520 932
520 935
520 948
520 966
521 565
521 91
521 932
524 866
525 57
525 662
525 679
525 738
525 83
525 98
527 553
527 789
527 79
527 80
527 94
528 529
528 614
529 614
53 54
53 55
53 56
531 532
533 662
533 679
533 861
534 628
534 917
534 931
534 932
534 935
534 948
534 966
535 557
536 537
538 539
539 766
54 562
54 58
54 599
540 609
541 775
542 577
542 638
542 67
544 597
544 75
545 546
545 616
545 625
545 681
546 578
548 549
548 603
55 56
55 58
55 599
55 718
550 551
550 622
551 622
551 652
553 57
553 80
553 94
554 555
554 575
554 609
554 796
558 637
558 70
558 703
558 785
56 58
560 561
560 919
561 633
561 654
562 563
563 756
563 763
564 657
564 81
565 566
565 983
566 578
569 66
569 67
569 886
57 597
57 631
57 695
57 70
57 74
57 75
57 789
57 79
57 80
57 840
57 91
57 94
57 96
57 98
57 99
570 728
571 728
572 573
575 576
577 578
577 623
577 676
577 884
578 616
579 730
580 581
580 615
580 653
580 672
581 615
581 653
583 674
583 90
584 86
585 91
588 75
588 83
589 72
59 60
59 661
59 677
590 591
593 594
593 764
595 784
597 65
597 99
598 79
6 7
6 873
60 648
60 661
60 677
60 678
600 990
602 646
604 990
606 607
606 755
608 97
610 762
612 72
613 642
615 653
616 617
616 704
618 619
619 823
620 621
620 87
622 652
622 746
622 915
623 91
626 670
626 685
626 735
628 959
628 963
628 976
628 984
63 64
63 694
630 771
630 809
631 68
631 70
631 99
634 636
634 687
634 835
635 646
636 687
636 711
636 97
637 730
639 83
639 91
64 917
64 918
64 920
64 921
64 952
64 954
64 959
64 963
64 976
640 641
640 761
640 762
641 761
641 762
641 860
644 961
646 86
647 786
648 678
65 650
65 737
65 797
650 737
653 672
654 899
654 919
655 656
657 81
659 908
66 67
66 681
66 801
66 911
66 912
66 913
66 916
661 662
661 678
661 770
661 802
661 91
662 679
662 861
662 98
663 714
664 665
664 858
665 830
666 667
666 747
666 756
666 763
669 721
67 68
67 863
67 891
67 912
67 913
67 917
67 918
67 920
67 921
67 922
67 923
67 924
67 925
67 926
67 927
67 931
67 932
67 933
67 934
67 935
67 936
67 937
67 938
67 939
67 941
67 942
67 943
67 948
67 952
67 953
67 954
67 959
67 963
67 965
67 966
67 976
670 735
670 770
670 78
673 707
674 90
676 703
679 861
679 98
68 69
68 70
68 79
68 80
68 840
68 90
68 917
68 922
68 923
68 935
68 936
68 94
68 948
68 96
68 966
68 99
681 801
682 84
682 97
688 689
688 724
688 726
688 788
69 75
69 78
69 79
69 83
69 91
69 98
690 710
695 70
695 96
696 88
698 754
698 836
698 839
70 74
70 75
70 760
70 785
70 79
70 840
70 96
70 99
705 706
71 72
712 713
713 740
716 717
717 777
72 914
724 725
724 915
729 784
729 866
732 85
733 734
736 829
738 744
738 745
74 75
74 79
74 80
74 91
74 94
74 98
74 99
740 763
743 98
744 745
745 818
747 763
748 98
75 758
75 79
75 80
75 83
75 94
75 98
750 751
752 753
753 787
756 763
76 77
760 785
760 961
761 896
766 767
768 769
768 815
768 902
771 858
776 98
778 831
78 98
780 781
782 783
784 833
79 83
79 932
79 94
79 96
79 99
790 879
791 792
791 852
795 955
798 87
799 817
8 9
8 974
80 94
80 96
80 99
800 840
803 804
806 82
808 809
809 841
813 814
815 816
818 819
829 832
83 91
83 98
831 868
834 84
84 85
84 97
840 96
845 846
85 97
850 987
859 874
86 87
861 94
861 98
863 90
863 917
863 922
863 923
863 932
863 935
863 936
863 948
867 872
868 869
875 876
877 878
88 89
882 898
888 903
888 975
889 890
889 903
889 969
890 903
890 969
891 90
891 905
893 894
893 910
895 896
896 949
897 898
899 900
9 974
90 911
90 912
90 916
90 917
90 920
90 921
90 922
90 923
90 924
90 925
90 926
90 927
90 931
90 932
90 933
90 934
90 935
90 936
90 937
90 938
90 939
90 940
90 941
90 942
90 943
90 948
90 952
90 954
90 963
90 965
90 976
905 906
905 971
907 975
908 909
908 919
908 930
908 972
91 94
91 96
91 98
911 922
911 923
911 931
911 932
911 935
911 936
911 948
911 966
912 917
912 922
912 923
912 931
912 932
912 935
912 936
912 942
912 948
912 966
913 917
913 922
913 923
913 931
913 932
913 936
913 948
913 966
914 915
916 917
916 923
916 931
916 932
916 935
916 936
916 948
916 966
917 918
917 920
917 921
917 922
917 923
917 924
917 926
917 931
917 933
917 934
917 935
917 936
917 937
917 938
917 941
917 942
917 943
917 948
917 952
917 953
917 963
917 965
917 966
917 976
918 922
918 923
918 935
918 936
918 948
918 966
92 93
92 975
920 922
920 923
920 931
920 932
920 935
920 936
920 948
920 966
921 922
921 923
921 931
921 932
921 935
921 936
921 948
921 966
922 923
922 924
922 925
922 926
922 927
922 932
922 933
922 934
922 935
922 936
922 937
922 939
922 941
922 942
922 943
922 952
922 953
922 954
922 959
922 963
922 966
922 976
923 924
923 925
923 926
923 927
923 931
923 932
923 933
923 934
923 935
923 936
923 937
923 939
923 941
923 948
923 952
923 953
923 954
923 959
923 963
923 965
923 966
923 976
924 932
924 935
924 936
924 948
925 931
925 932
925 935
925 936
925 948
925 966
926 931
926 932
926 936
926 948
927 932
927 936
927 966
928 929
93 975
931 932
931 933
931 934
931 936
931 937
931 938
931 939
931 940
931 941
931 942
931 943
931 948
931 952
931 953
931 954
931 959
931 965
931 976
932 933
932 934
932 935
932 936
932 937
932 939
932 940
932 941
932 942
932 948
932 952
932 953
932 957
932 958
932 959
932 962
932 963
932 965
932 976
933 935
933 942
933 948
933 966
934 935
934 936
935 936
935 937
935 938
935 939
935 940
935 941
935 942
935 948
935 953
935 954
935 959
935 963
935 965
935 976
936 937
936 938
936 940
936 942
936 943
936 948
936 953
936 963
936 966
936 976
937 948
937 966
938 948
938 966
939 948
939 966
94 96
94 98
94 99
940 948
940 966
941 948
942 948
942 966
943 948
944 945
946 947
948 952
948 953
948 954
948 959
948 963
948 965
948 966
948 976
950 951
955 956
959 966
96 99
960 961
963 966
965 966
966 976
968 969
971 985
980 981
987 991
988 989
994 995
